0.003045,-0.043429,0.007029
0.003332,-0.043591,0.007459
0.002861,-0.042164,0.007371
0.002247,-0.041320,0.006936
0.003798,-0.044534,0.007462
0.002926,-0.043279,0.006792
0.003415,-0.044229,0.006787
0.003391,-0.042531,0.007752
0.003654,-0.044013,0.007672
0.003492,-0.043536,0.007645
0.003288,-0.041868,0.007922
0.002065,-0.040899,0.006672
0.002649,-0.041157,0.007519
0.002016,-0.040369,0.006847
0.002070,-0.040314,0.007071
0.002139,-0.040261,0.007288
0.004068,-0.044846,0.007420
0.003877,-0.044518,0.007683
0.003987,-0.044833,0.007195
0.003722,-0.044614,0.006494
0.003182,-0.043862,0.006300
0.002753,-0.042858,0.006525
0.002821,-0.042910,0.006259
0.003451,-0.044298,0.006535
0.003688,-0.042420,0.008131
0.004012,-0.044255,0.008092
0.004070,-0.043849,0.008250
0.003638,-0.041837,0.008548
0.002144,-0.040953,0.006402
0.002154,-0.040987,0.006404
0.001995,-0.040423,0.006612
0.003306,-0.040832,0.008738
0.002864,-0.040437,0.008448
0.002001,-0.040250,0.006831
0.001973,-0.039947,0.006534
0.001952,-0.039892,0.006784
0.002007,-0.039783,0.007250
0.002126,-0.039675,0.007693
0.002061,-0.039731,0.007473
0.004306,-0.044797,0.008083
0.004496,-0.045145,0.007068
0.004580,-0.045175,0.007296
0.004572,-0.045058,0.008035
0.004043,-0.044380,0.008103
0.004159,-0.044974,0.006906
0.004072,-0.044912,0.006674
0.003974,-0.044750,0.006427
0.003623,-0.044436,0.006245
0.003273,-0.043900,0.006101
0.003591,-0.044353,0.006169
0.003068,-0.043441,0.006013
0.002559,-0.041959,0.006181
0.002389,-0.041464,0.006239
0.003080,-0.043015,0.005692
0.002843,-0.042504,0.005856
0.004064,-0.043200,0.008389
0.003980,-0.042257,0.008754
0.004686,-0.043522,0.009485
0.004162,-0.044324,0.008303
0.004286,-0.044270,0.008501
0.004705,-0.043972,0.009306
0.004190,-0.041088,0.009477
0.002488,-0.040542,0.005897
0.002098,-0.040479,0.006320
0.002089,-0.040478,0.006336
0.003511,-0.040191,0.009307
0.002763,-0.039879,0.008762
0.003029,-0.040071,0.008954
0.002191,-0.039622,0.007912
0.002265,-0.039567,0.008128
0.002072,-0.039986,0.006319
0.002089,-0.039574,0.006426
0.001960,-0.039849,0.006774
0.002047,-0.039416,0.006665
0.002005,-0.039350,0.006972
0.002017,-0.039253,0.007404
0.002105,-0.039145,0.007857
0.002055,-0.039199,0.007633
0.004440,-0.044800,0.008289
0.004380,-0.044728,0.008297
0.004990,-0.045307,0.006920
0.004320,-0.044999,0.006601
0.005077,-0.045356,0.007151
0.004905,-0.045195,0.008193
0.004996,-0.045330,0.007680
0.004725,-0.044984,0.008472
0.004121,-0.044636,0.006102
0.003798,-0.044376,0.005990
0.003338,-0.043916,0.006002
0.003349,-0.043505,0.005620
0.003635,-0.043802,0.005622
0.002943,-0.041724,0.005496
0.003164,-0.042104,0.005308
0.002715,-0.041062,0.005707
0.003131,-0.041616,0.005287
0.003064,-0.042897,0.005663
0.002976,-0.042543,0.005632
0.004716,-0.042462,0.009788
0.005012,-0.043944,0.009696
0.004984,-0.043414,0.009863
0.004867,-0.042919,0.009904
0.004851,-0.043999,0.009511
0.004762,-0.044638,0.008901
0.004448,-0.044608,0.008503
0.004653,-0.044693,0.008697
0.004997,-0.044487,0.009294
0.004784,-0.041401,0.010077
0.004280,-0.040503,0.009845
0.002900,-0.040520,0.005548
0.002903,-0.040074,0.005623
0.004510,-0.039935,0.010089
0.003030,-0.039240,0.009309
0.004523,-0.039441,0.010071
0.003811,-0.038561,0.009841
0.003059,-0.038710,0.009455
0.002714,-0.039336,0.008935
0.002174,-0.039090,0.008075
0.002253,-0.039037,0.008289
0.002267,-0.039762,0.006143
0.002134,-0.039223,0.006599
0.002298,-0.039288,0.006299
0.002263,-0.038300,0.007144
0.002155,-0.038614,0.007491
0.002332,-0.038083,0.008090
0.002268,-0.038139,0.007870
0.002333,-0.037243,0.007433
0.004699,-0.044834,0.006182
0.005041,-0.045045,0.006351
0.005401,-0.045410,0.007296
0.004437,-0.044769,0.006210
0.005568,-0.045467,0.007751
0.005137,-0.045276,0.008124
0.005055,-0.045080,0.008623
0.004797,-0.044900,0.008683
0.004515,-0.044374,0.005738
0.004829,-0.044559,0.005834
0.004244,-0.044301,0.005745
0.003905,-0.043960,0.005601
0.003796,-0.043527,0.005361
0.003490,-0.043064,0.005327
0.003488,-0.042597,0.005205
0.004025,-0.041659,0.004770
0.004070,-0.042139,0.004824
0.003120,-0.041112,0.005328
0.004006,-0.041160,0.004787
0.004982,-0.042882,0.010021
0.005243,-0.042828,0.010169
0.005166,-0.043782,0.009863
0.005060,-0.044318,0.009494
0.005380,-0.044326,0.009632
0.005201,-0.043326,0.010022
0.005127,-0.044994,0.008834
0.005261,-0.044729,0.009243
0.005271,-0.044474,0.009446
0.004515,-0.040531,0.010017
0.005210,-0.041822,0.010253
0.005198,-0.041316,0.010302
0.005049,-0.040339,0.010296
0.003120,-0.040345,0.005437
0.002499,-0.039510,0.006077
0.003046,-0.038808,0.006197
0.003201,-0.039561,0.005772
0.003365,-0.040084,0.005407
0.003389,-0.039851,0.005504
0.005416,-0.039795,0.010375
0.004865,-0.039387,0.010191
0.004749,-0.038911,0.010148
0.004985,-0.038110,0.010171
0.004962,-0.037905,0.010137
0.003555,-0.038123,0.009677
0.004173,-0.037537,0.009855
0.002839,-0.038287,0.009206
0.002369,-0.038506,0.008405
0.002692,-0.037867,0.008930
0.002376,-0.038355,0.006860
0.002573,-0.038858,0.006375
0.002302,-0.037725,0.007279
0.002453,-0.037837,0.006934
0.002338,-0.038036,0.008079
0.002418,-0.038028,0.008301
0.002347,-0.037608,0.007998
0.002351,-0.036233,0.007497
0.002434,-0.035908,0.007156
0.002449,-0.036305,0.007142
0.002640,-0.036850,0.006845
0.002463,-0.037318,0.007033
0.005274,-0.044995,0.006257
0.005639,-0.045402,0.007209
0.005809,-0.045486,0.007668
0.006201,-0.045406,0.008017
0.005724,-0.045403,0.008189
0.005444,-0.044978,0.008969
0.004939,-0.044097,0.005459
0.005509,-0.044209,0.005527
0.004854,-0.043491,0.005128
0.004446,-0.043061,0.004986
0.004370,-0.042604,0.004844
0.004815,-0.042115,0.004650
0.005279,-0.041612,0.004515
0.004250,-0.041296,0.004697
0.003565,-0.040623,0.005136
0.004484,-0.041159,0.004619
0.004240,-0.040651,0.004761
0.005788,-0.043613,0.010115
0.005830,-0.042737,0.010356
0.005483,-0.043749,0.009997
0.005574,-0.044662,0.009371
0.005744,-0.043972,0.009943
0.005800,-0.041736,0.010416
0.006091,-0.042210,0.010409
0.005787,-0.041252,0.010448
0.005477,-0.040775,0.010406
0.003352,-0.040275,0.005341
0.003740,-0.039376,0.005798
0.003788,-0.038415,0.006069
0.003315,-0.038322,0.006265
0.002621,-0.038399,0.006573
0.003729,-0.039481,0.005754
0.003632,-0.039893,0.005424
0.006061,-0.041208,0.010467
0.006379,-0.040704,0.010389
0.005303,-0.038342,0.010269
0.005487,-0.037359,0.010174
0.005980,-0.035811,0.010266
0.005075,-0.036421,0.010087
0.004447,-0.037006,0.009913
0.003330,-0.037202,0.009451
0.002969,-0.034846,0.009045
0.003237,-0.036749,0.009291
0.004191,-0.036072,0.009756
0.003455,-0.034737,0.009355
0.002501,-0.038048,0.008528
0.002418,-0.038028,0.008301
0.002502,-0.037975,0.008514
0.002869,-0.036950,0.008955
0.002655,-0.037351,0.006814
0.002418,-0.038028,0.008301
0.002370,-0.036190,0.007684
0.002477,-0.036546,0.008266
0.002336,-0.035703,0.007659
0.002290,-0.035280,0.007348
0.002613,-0.035864,0.006833
0.002370,-0.034859,0.006991
0.002848,-0.036873,0.006671
0.006057,-0.044858,0.006204
0.005950,-0.044609,0.005945
0.006192,-0.045349,0.007253
0.006473,-0.045014,0.006588
0.006503,-0.045274,0.007381
0.006589,-0.045097,0.008389
0.006342,-0.045204,0.008436
0.006889,-0.045132,0.007722
0.006193,-0.045038,0.008793
0.005755,-0.044899,0.009096
0.006383,-0.044170,0.005711
0.005790,-0.043857,0.005363
0.004951,-0.043040,0.004895
0.005484,-0.042999,0.004884
0.005678,-0.042520,0.004743
0.005611,-0.042056,0.004624
0.005518,-0.041100,0.004503
0.004487,-0.040491,0.004720
0.003825,-0.040232,0.005164
0.004723,-0.040646,0.004606
0.004980,-0.040642,0.004571
0.006034,-0.043785,0.010026
0.006080,-0.043352,0.010215
0.006380,-0.042684,0.010394
0.006108,-0.042838,0.010365
0.005901,-0.044394,0.009570
0.006302,-0.044786,0.009132
0.005934,-0.044277,0.009677
0.006073,-0.041711,0.010428
0.006310,-0.042188,0.010428
0.006073,-0.041711,0.010428
0.006073,-0.041711,0.010428
0.003874,-0.039928,0.005344
0.003989,-0.039465,0.005729
0.004234,-0.039460,0.005661
0.004268,-0.038925,0.005831
0.004740,-0.037467,0.005852
0.004525,-0.038399,0.005872
0.003980,-0.036914,0.006068
0.002778,-0.037877,0.006630
0.003988,-0.039472,0.005726
0.003931,-0.039702,0.005535
0.007102,-0.041143,0.010373
0.006343,-0.041689,0.010432
0.005870,-0.038787,0.010284
0.006627,-0.038245,0.010218
0.006282,-0.036757,0.010219
0.006471,-0.035288,0.010207
0.006202,-0.035206,0.010221
0.005674,-0.035495,0.010210
0.004509,-0.036014,0.009897
0.005093,-0.035424,0.010106
0.002732,-0.035928,0.008724
0.003292,-0.034260,0.009329
0.003048,-0.033824,0.009151
0.002346,-0.033526,0.008527
0.004945,-0.034463,0.010033
0.004703,-0.034000,0.009974
0.002337,-0.035702,0.007663
0.002206,-0.034112,0.008177
0.002184,-0.034751,0.007543
0.002152,-0.034329,0.007226
0.002654,-0.034913,0.006646
0.003268,-0.034965,0.006183
0.002467,-0.034417,0.006713
0.003432,-0.035943,0.006180
0.006698,-0.044877,0.006482
0.006495,-0.044477,0.005978
0.006878,-0.045056,0.006955
0.006874,-0.044956,0.008452
0.006709,-0.044888,0.008752
0.007399,-0.044631,0.008458
0.007237,-0.044590,0.008762
0.007779,-0.044473,0.008040
0.007401,-0.044713,0.006958
0.006123,-0.043381,0.005157
0.007454,-0.043728,0.005752
0.006262,-0.043788,0.005433
0.006394,-0.042427,0.004889
0.006631,-0.040983,0.004613
0.006941,-0.041443,0.004661
0.007027,-0.041941,0.004827
0.005675,-0.040578,0.004562
0.006339,-0.040686,0.004595
0.005239,-0.040618,0.004546
0.004962,-0.040634,0.004575
0.005016,-0.040207,0.004732
0.004980,-0.040633,0.004572
0.006515,-0.043720,0.009873
0.006361,-0.042974,0.010299
0.006639,-0.042668,0.010366
0.006370,-0.042180,0.010436
0.007064,-0.044413,0.009055
0.007352,-0.044138,0.009144
0.005067,-0.039922,0.004914
0.004467,-0.039486,0.005556
0.004471,-0.039461,0.005570
0.004708,-0.039462,0.005481
0.004771,-0.038393,0.005806
0.005022,-0.037888,0.005827
0.004984,-0.037388,0.005794
0.003853,-0.035471,0.005922
0.006890,-0.041912,0.010423
0.007369,-0.041634,0.010294
0.007581,-0.041141,0.010205
0.007410,-0.039219,0.010005
0.006901,-0.038921,0.010133
0.006642,-0.042156,0.010446
0.008070,-0.037722,0.009808
0.006990,-0.035768,0.010081
0.007389,-0.034289,0.009903
0.007933,-0.035264,0.009779
0.005862,-0.033850,0.010218
0.006047,-0.032868,0.010108
0.005492,-0.033400,0.010151
0.003278,-0.031783,0.009333
0.002581,-0.031944,0.008873
0.004344,-0.033423,0.009809
0.003985,-0.032639,0.009675
0.002186,-0.032058,0.008510
0.005235,-0.032935,0.010107
0.002090,-0.034221,0.007734
0.001976,-0.033691,0.007931
0.001933,-0.033160,0.008104
0.002086,-0.033105,0.008292
0.002084,-0.034275,0.007493
0.002424,-0.033937,0.006664
0.002067,-0.033849,0.007181
0.002001,-0.033377,0.007109
0.003092,-0.034482,0.006194
0.003311,-0.034496,0.006054
0.003249,-0.034488,0.006104
0.007010,-0.044810,0.006610
0.007659,-0.044153,0.006260
0.008005,-0.043910,0.008745
0.008391,-0.043974,0.008313
0.008165,-0.044367,0.007631
0.008274,-0.044263,0.007068
0.008316,-0.044299,0.007312
0.007769,-0.044373,0.006764
0.006143,-0.043378,0.005161
0.007886,-0.044002,0.006164
0.007011,-0.043266,0.005340
0.007674,-0.043555,0.005641
0.006845,-0.042500,0.004992
0.006888,-0.040969,0.004582
0.006594,-0.040498,0.004582
0.007305,-0.040500,0.004311
0.007234,-0.041633,0.004697
0.007357,-0.040974,0.004385
0.007208,-0.042920,0.005189
0.007273,-0.041886,0.004771
0.006061,-0.040303,0.004626
0.005298,-0.040064,0.004786
0.007081,-0.043012,0.010048
0.007858,-0.043632,0.009123
0.006888,-0.042665,0.010307
0.006888,-0.042661,0.010309
0.005363,-0.039698,0.005020
0.004705,-0.039480,0.005470
0.004948,-0.039461,0.005396
0.005555,-0.038433,0.005733
0.005577,-0.038879,0.005553
0.005561,-0.038339,0.005761
0.005549,-0.037834,0.005801
0.005404,-0.036405,0.005601
0.004563,-0.035474,0.005646
0.003532,-0.034508,0.005915
0.007142,-0.042139,0.010341
0.007588,-0.041735,0.010140
0.007807,-0.041537,0.010027
0.008271,-0.041413,0.009837
0.008530,-0.041143,0.009846
0.008024,-0.040653,0.010009
0.007953,-0.039681,0.009950
0.008367,-0.038470,0.009778
0.008710,-0.036378,0.009531
0.007447,-0.031862,0.009665
0.007873,-0.034421,0.009732
0.008961,-0.035773,0.009333
0.009132,-0.034345,0.009014
0.008557,-0.033339,0.009292
0.005195,-0.032453,0.010063
0.006006,-0.032383,0.010081
0.003138,-0.029838,0.009222
0.003540,-0.031033,0.009417
0.004224,-0.031615,0.009735
0.002804,-0.030398,0.009061
0.002072,-0.031092,0.008439
0.004778,-0.032027,0.009907
0.001833,-0.032684,0.008054
0.001964,-0.033799,0.007450
0.001953,-0.033745,0.007697
0.001831,-0.033214,0.007898
0.003179,-0.033056,0.005892
0.003049,-0.034002,0.006143
0.002666,-0.033007,0.006299
0.001853,-0.033323,0.007405
0.001718,-0.032397,0.007167
0.001914,-0.032392,0.006963
0.003271,-0.034012,0.006011
0.003271,-0.034012,0.006011
0.003271,-0.034012,0.006011
0.003485,-0.034030,0.005855
0.008134,-0.043220,0.009202
0.008437,-0.043873,0.008453
0.008842,-0.043956,0.008071
0.009082,-0.043965,0.007986
0.008394,-0.044273,0.007532
0.008782,-0.044188,0.007125
0.008536,-0.044154,0.006450
0.008152,-0.044277,0.006862
0.008625,-0.044199,0.007435
0.008347,-0.043888,0.005965
0.008021,-0.043067,0.005177
0.007082,-0.040491,0.004439
0.006845,-0.040182,0.004575
0.006405,-0.039993,0.004699
0.007071,-0.039986,0.004481
0.007743,-0.039505,0.004170
0.008182,-0.040555,0.003744
0.007776,-0.040734,0.004088
0.007744,-0.040420,0.004043
0.007721,-0.041731,0.004540
0.007940,-0.042771,0.004996
0.008065,-0.042341,0.004658
0.007720,-0.043048,0.009572
0.007121,-0.042616,0.010214
0.006865,-0.039586,0.004714
0.006438,-0.039297,0.005067
0.006305,-0.038757,0.005522
0.005832,-0.038314,0.005768
0.005831,-0.038005,0.005810
0.005822,-0.037809,0.005813
0.005769,-0.037337,0.005734
0.005659,-0.036393,0.005565
0.005554,-0.035446,0.005407
0.005948,-0.034513,0.005139
0.005326,-0.033564,0.005045
0.004973,-0.032624,0.004949
0.008452,-0.042411,0.009448
0.008788,-0.041010,0.009832
0.008759,-0.041662,0.009659
0.009056,-0.040596,0.009886
0.008992,-0.039161,0.009678
0.009598,-0.036287,0.009017
0.009337,-0.035793,0.009111
0.006811,-0.031384,0.009820
0.008591,-0.032864,0.009194
0.007054,-0.029926,0.009599
0.009324,-0.033416,0.008669
0.005617,-0.031440,0.010006
0.006391,-0.030914,0.009863
0.005841,-0.030455,0.009899
0.002519,-0.029976,0.008835
0.004157,-0.030654,0.009631
0.004404,-0.030123,0.009701
0.003725,-0.029246,0.009438
0.003372,-0.028631,0.009297
0.002007,-0.028127,0.008434
0.005023,-0.030531,0.009863
0.001665,-0.031732,0.007943
0.001672,-0.029718,0.008083
0.005346,-0.030981,0.009946
0.001623,-0.032263,0.007801
0.001792,-0.033268,0.007669
0.001599,-0.032317,0.007567
0.003225,-0.033535,0.005951
0.003299,-0.032119,0.005612
0.003974,-0.032147,0.005237
0.003278,-0.033536,0.005922
0.002573,-0.031579,0.006075
0.001708,-0.031949,0.006957
0.002401,-0.031567,0.006191
0.002294,-0.032231,0.006545
0.001730,-0.032847,0.007363
0.001644,-0.031938,0.007029
0.001643,-0.032370,0.007309
0.008848,-0.043188,0.008941
0.008972,-0.043646,0.008473
0.009323,-0.043988,0.007904
0.009420,-0.044178,0.007398
0.009182,-0.044216,0.006734
0.009339,-0.044211,0.006424
0.009564,-0.044006,0.007821
0.009309,-0.043956,0.005632
0.008665,-0.043212,0.004972
0.007098,-0.039542,0.004621
0.007936,-0.039970,0.003893
0.008256,-0.038965,0.004176
0.008648,-0.039151,0.003742
0.007779,-0.039192,0.004315
0.008381,-0.039649,0.003676
0.008068,-0.041245,0.004075
0.008603,-0.040083,0.003484
0.009356,-0.040566,0.003261
0.008542,-0.041489,0.003859
0.009166,-0.041043,0.003412
0.008491,-0.042247,0.004356
0.008634,-0.041935,0.004051
0.008840,-0.042808,0.004498
0.008384,-0.042749,0.004737
0.008720,-0.042368,0.004295
0.006785,-0.038777,0.005354
0.006347,-0.038383,0.005692
0.006103,-0.038327,0.005770
0.006041,-0.038293,0.005786
0.006331,-0.037786,0.005731
0.006105,-0.038289,0.005780
0.005690,-0.036637,0.005614
0.005909,-0.036384,0.005511
0.006588,-0.035897,0.005221
0.006003,-0.034954,0.005227
0.006377,-0.034004,0.004907
0.005766,-0.033078,0.004839
0.005406,-0.032144,0.004724
0.004816,-0.031203,0.004715
0.009241,-0.042341,0.009404
0.009148,-0.043011,0.009052
0.008925,-0.041652,0.009645
0.009060,-0.041105,0.009825
0.009572,-0.040566,0.009828
0.010177,-0.039622,0.009398
0.009901,-0.039139,0.009448
0.009976,-0.037721,0.009110
0.009647,-0.035351,0.008758
0.008788,-0.031924,0.008888
0.007817,-0.030429,0.009286
0.006383,-0.030432,0.009801
0.006764,-0.029453,0.009611
0.006922,-0.028487,0.009440
0.009799,-0.034440,0.008344
0.009795,-0.033975,0.008205
0.009728,-0.032392,0.007692
0.009516,-0.032071,0.007962
0.009326,-0.032017,0.008274
0.010071,-0.033608,0.007535
0.005562,-0.030965,0.009940
0.005576,-0.030475,0.009910
0.005264,-0.030017,0.009858
0.005416,-0.028543,0.009741
0.005649,-0.028276,0.009677
0.004476,-0.028164,0.009573
0.004359,-0.026234,0.009383
0.003348,-0.028323,0.009273
0.000956,-0.028454,0.007356
0.002587,-0.026996,0.008849
0.001721,-0.026698,0.008279
0.001527,-0.027760,0.008035
0.001450,-0.031310,0.007692
0.001475,-0.030779,0.007840
0.001089,-0.029936,0.007322
0.000979,-0.029461,0.007276
0.005456,-0.030488,0.009892
0.001497,-0.031841,0.007518
0.002914,-0.030554,0.005516
0.003984,-0.030265,0.004787
0.002174,-0.030198,0.005757
0.001546,-0.031498,0.006820
0.002049,-0.031990,0.006650
0.001958,-0.031543,0.006460
0.002090,-0.031036,0.006151
0.001472,-0.031472,0.006957
0.009436,-0.043296,0.008748
0.009750,-0.043988,0.007751
0.009964,-0.044042,0.007431
0.009472,-0.044226,0.006790
0.010127,-0.044095,0.007129
0.009900,-0.044236,0.006480
0.010210,-0.044185,0.005854
0.009562,-0.043994,0.005580
0.009551,-0.043982,0.005549
0.009250,-0.043412,0.004798
0.009698,-0.043882,0.005226
0.009652,-0.043249,0.004443
0.009354,-0.039033,0.003472
0.008030,-0.038928,0.004429
0.008345,-0.038489,0.004489
0.009161,-0.038704,0.003730
0.009082,-0.039507,0.003399
0.009574,-0.040068,0.003187
0.009470,-0.041507,0.003441
0.009858,-0.040547,0.003157
0.009352,-0.042130,0.003773
0.009000,-0.042553,0.004229
0.009759,-0.042832,0.004052
0.006824,-0.038373,0.005519
0.007056,-0.038306,0.005424
0.006594,-0.038280,0.005644
0.007244,-0.038606,0.005158
0.006352,-0.038282,0.005719
0.006571,-0.037784,0.005651
0.007237,-0.034922,0.004917
0.007227,-0.037315,0.005293
0.006805,-0.037787,0.005551
0.007534,-0.035390,0.004926
0.007442,-0.034433,0.004808
0.006770,-0.033040,0.004639
0.006315,-0.033442,0.004815
0.006269,-0.033059,0.004743
0.006473,-0.032572,0.004631
0.006104,-0.031644,0.004487
0.005192,-0.030252,0.004400
0.010224,-0.042610,0.009100
0.009778,-0.042142,0.009427
0.009879,-0.043150,0.008815
0.009704,-0.041066,0.009765
0.010071,-0.041573,0.009572
0.009813,-0.040565,0.009747
0.010092,-0.038660,0.009297
0.010289,-0.041075,0.009500
0.010635,-0.040146,0.009097
0.010455,-0.038231,0.008871
0.010357,-0.036833,0.008516
0.009923,-0.034927,0.008331
0.008808,-0.030035,0.008466
0.008046,-0.028535,0.008812
0.006639,-0.028008,0.009469
0.007819,-0.028049,0.008857
0.007738,-0.027573,0.008800
0.007690,-0.027097,0.008732
0.007420,-0.026597,0.008848
0.010094,-0.034060,0.007722
0.009662,-0.031649,0.007582
0.009850,-0.032179,0.007357
0.009149,-0.030114,0.007994
0.010472,-0.035761,0.007778
0.010240,-0.034125,0.007370
0.010172,-0.033662,0.007255
0.010109,-0.033197,0.007139
0.005532,-0.027577,0.009593
0.006059,-0.027060,0.009492
0.005235,-0.026628,0.009513
0.003978,-0.025315,0.009207
0.004522,-0.025251,0.009286
0.002859,-0.025473,0.008912
0.000650,-0.028671,0.006496
0.000888,-0.029515,0.007066
0.000518,-0.027665,0.006614
0.001074,-0.028063,0.007495
0.002422,-0.026534,0.008756
0.001491,-0.027272,0.008017
0.001195,-0.025855,0.007812
0.001026,-0.026924,0.007524
0.001268,-0.030888,0.007430
0.001123,-0.030467,0.007153
0.001016,-0.029991,0.007106
0.002360,-0.029723,0.005594
0.002573,-0.029563,0.005461
0.004891,-0.029786,0.004379
0.003642,-0.029317,0.004721
0.002852,-0.028348,0.004913
0.002460,-0.028799,0.005256
0.001674,-0.030214,0.005864
0.001937,-0.030205,0.005805
0.001741,-0.031500,0.006613
0.001466,-0.031150,0.006648
0.001290,-0.030998,0.006927
0.001640,-0.031090,0.006393
0.001285,-0.030997,0.006938
0.010037,-0.043964,0.007644
0.010757,-0.044034,0.006641
0.010580,-0.043820,0.007675
0.010604,-0.044128,0.006207
0.010682,-0.044095,0.006425
0.010443,-0.044126,0.005760
0.010125,-0.044136,0.005624
0.009774,-0.043999,0.005473
0.010031,-0.044008,0.005382
0.010173,-0.043857,0.005051
0.010300,-0.043560,0.004699
0.010091,-0.043098,0.004187
0.009574,-0.039645,0.003247
0.010111,-0.038663,0.003382
0.009838,-0.039107,0.003307
0.010091,-0.039016,0.003276
0.007891,-0.038717,0.004694
0.007704,-0.038429,0.004961
0.007494,-0.037805,0.005215
0.009683,-0.038360,0.003733
0.008607,-0.037932,0.004547
0.008802,-0.038293,0.004290
0.010676,-0.040472,0.003194
0.010271,-0.039508,0.003223
0.010664,-0.039969,0.003233
0.009817,-0.042002,0.003584
0.010507,-0.041445,0.003334
0.010727,-0.040946,0.003269
0.010407,-0.042310,0.003680
0.006827,-0.038283,0.005542
0.007496,-0.034906,0.004889
0.008128,-0.036840,0.004869
0.007853,-0.036355,0.004926
0.007792,-0.035375,0.004894
0.007532,-0.034426,0.004807
0.008107,-0.033047,0.004606
0.008402,-0.033405,0.004626
0.008747,-0.034350,0.004699
0.007899,-0.032467,0.004575
0.007470,-0.032028,0.004483
0.007391,-0.031061,0.004399
0.006174,-0.029717,0.004210
0.006746,-0.030160,0.004236
0.005591,-0.029285,0.004149
0.005088,-0.029304,0.004247
0.005123,-0.029613,0.004302
0.010118,-0.043153,0.008730
0.010354,-0.043125,0.008641
0.010278,-0.042108,0.009323
0.010688,-0.042480,0.008910
0.010037,-0.042109,0.009401
0.010070,-0.041064,0.009634
0.010302,-0.041578,0.009465
0.010515,-0.041596,0.009305
0.010860,-0.040668,0.008899
0.010989,-0.039320,0.008233
0.010760,-0.037844,0.008278
0.010982,-0.040240,0.008552
0.010532,-0.037323,0.008469
0.010362,-0.035934,0.008101
0.008890,-0.029126,0.008077
0.008535,-0.027675,0.008051
0.007630,-0.026618,0.008678
0.007789,-0.026162,0.008439
0.007603,-0.026388,0.008637
0.008473,-0.027203,0.007966
0.008065,-0.026674,0.008269
0.006588,-0.025148,0.008989
0.007559,-0.026145,0.008608
0.009808,-0.031703,0.007286
0.009759,-0.031227,0.007218
0.009989,-0.032233,0.007065
0.010307,-0.033770,0.006722
0.009763,-0.031229,0.007209
0.010650,-0.035960,0.007497
0.006302,-0.024671,0.009014
0.005000,-0.024240,0.009202
0.003015,-0.024471,0.008902
0.004463,-0.024285,0.009202
0.001564,-0.025747,0.008165
0.001759,-0.025202,0.008306
0.001715,-0.023733,0.008253
0.002662,-0.024045,0.008726
0.000871,-0.029594,0.006715
0.001019,-0.030100,0.006619
0.000764,-0.029160,0.006481
0.000417,-0.027165,0.005804
0.000258,-0.026291,0.006208
0.000967,-0.025943,0.007502
0.000476,-0.026658,0.006700
0.000811,-0.025489,0.007379
0.001184,-0.030563,0.006697
0.002300,-0.029255,0.005494
0.003076,-0.028359,0.004784
0.003472,-0.027905,0.004452
0.002570,-0.027868,0.004945
0.002786,-0.027877,0.004828
0.002735,-0.027410,0.004721
0.002055,-0.027385,0.005084
0.001520,-0.029302,0.005569
0.001364,-0.029755,0.005818
0.000976,-0.029690,0.006247
0.010762,-0.043236,0.008261
0.010982,-0.043905,0.006536
0.011057,-0.043849,0.006751
0.011041,-0.043662,0.007481
0.010878,-0.043605,0.007782
0.010829,-0.043991,0.006102
0.010906,-0.043951,0.006319
0.010966,-0.043787,0.005764
0.010581,-0.043935,0.005423
0.010495,-0.043880,0.005192
0.010845,-0.043435,0.004734
0.010970,-0.043105,0.004378
0.010424,-0.043224,0.004343
0.010648,-0.043084,0.004237
0.010090,-0.039245,0.003242
0.010401,-0.038374,0.003478
0.010362,-0.038784,0.003313
0.010353,-0.038998,0.003257
0.009734,-0.038069,0.003915
0.008840,-0.037865,0.004455
0.008602,-0.036316,0.004763
0.009336,-0.037334,0.004431
0.009306,-0.037762,0.004266
0.010796,-0.040935,0.003292
0.010992,-0.040255,0.003352
0.011042,-0.040891,0.003401
0.010663,-0.039458,0.003302
0.011124,-0.039874,0.003488
0.010652,-0.041889,0.003515
0.010791,-0.041411,0.003380
0.010791,-0.041411,0.003380
0.010693,-0.042334,0.003723
0.008077,-0.035859,0.004869
0.009169,-0.034791,0.004790
0.008660,-0.032998,0.004651
0.009034,-0.034315,0.004753
0.009034,-0.034315,0.004753
0.008913,-0.033839,0.004711
0.009169,-0.030954,0.004857
0.008804,-0.030388,0.004675
0.008715,-0.029651,0.004533
0.007575,-0.030076,0.004305
0.006977,-0.029654,0.004202
0.005848,-0.029270,0.004117
0.006063,-0.028775,0.004036
0.006599,-0.028731,0.004032
0.006105,-0.029088,0.004107
0.006176,-0.027331,0.003809
0.005327,-0.026917,0.003758
0.005338,-0.029295,0.004194
0.005234,-0.028347,0.004042
0.005134,-0.029302,0.004241
0.005261,-0.028825,0.004110
0.010719,-0.042000,0.009065
0.010990,-0.043135,0.008161
0.011118,-0.042762,0.008301
0.010965,-0.042177,0.008756
0.010904,-0.041484,0.008905
0.011075,-0.041197,0.008671
0.011184,-0.040778,0.008287
0.010902,-0.037892,0.008007
0.011044,-0.038421,0.007799
0.011166,-0.040208,0.007572
0.010912,-0.036994,0.007589
0.010816,-0.036517,0.007539
0.010882,-0.036150,0.006943
0.009710,-0.030755,0.007131
0.009309,-0.028792,0.007195
0.009120,-0.028280,0.007341
0.007044,-0.025162,0.008758
0.008432,-0.025364,0.007345
0.008142,-0.024378,0.007430
0.007570,-0.024274,0.008102
0.008685,-0.026132,0.007192
0.009219,-0.027418,0.006727
0.008850,-0.026197,0.006892
0.007102,-0.023845,0.008359
0.006833,-0.023268,0.008444
0.010140,-0.032341,0.006525
0.009986,-0.031335,0.006651
0.010643,-0.035620,0.007186
0.010594,-0.035237,0.006698
0.010402,-0.034300,0.006531
0.010252,-0.033694,0.005971
0.010126,-0.033035,0.005645
0.010185,-0.032926,0.006109
0.006016,-0.024194,0.009035
0.006559,-0.022783,0.008502
0.004094,-0.023356,0.009060
0.004196,-0.021407,0.008874
0.005718,-0.023726,0.009026
0.005333,-0.022297,0.008909
0.002900,-0.023514,0.008797
0.001212,-0.024849,0.007877
0.001061,-0.023896,0.007760
0.002594,-0.023070,0.008681
0.001611,-0.023263,0.008173
0.000916,-0.029256,0.006000
0.000544,-0.027828,0.005876
0.000801,-0.028794,0.005890
0.000572,-0.027425,0.005451
0.000405,-0.026930,0.005513
0.000218,-0.026399,0.005737
0.000177,-0.025815,0.006151
0.000284,-0.024699,0.006669
0.000496,-0.023585,0.007149
0.001971,-0.028808,0.005392
0.003596,-0.026964,0.004182
0.005182,-0.028349,0.004052
0.002629,-0.027401,0.004799
0.001997,-0.026916,0.004990
0.001803,-0.027395,0.005131
0.001499,-0.029186,0.005526
0.001283,-0.029302,0.005657
0.001062,-0.029290,0.005794
0.011344,-0.043539,0.006845
0.011471,-0.043270,0.005742
0.011480,-0.043284,0.007256
0.011322,-0.043293,0.007566
0.010803,-0.043769,0.005314
0.011150,-0.043290,0.004851
0.010982,-0.043488,0.005104
0.011274,-0.042958,0.004494
0.011072,-0.042565,0.003991
0.010678,-0.038424,0.003491
0.010704,-0.038217,0.003593
0.010451,-0.038083,0.003660
0.010529,-0.038977,0.003288
0.010266,-0.037817,0.003931
0.009355,-0.036803,0.004581
0.009106,-0.036309,0.004668
0.010318,-0.037532,0.004114
0.009631,-0.036786,0.004558
0.010373,-0.037289,0.004302
0.011389,-0.040233,0.003710
0.010791,-0.041411,0.003380
0.011476,-0.040771,0.003776
0.011104,-0.041357,0.003507
0.010855,-0.038923,0.003413
0.011426,-0.039804,0.003872
0.011304,-0.038759,0.003980
0.010980,-0.038890,0.003516
0.010874,-0.041863,0.003544
0.009356,-0.035125,0.004783
0.009344,-0.034774,0.004798
0.009034,-0.034315,0.004753
0.009506,-0.031759,0.004931
0.009527,-0.032108,0.004936
0.009275,-0.033550,0.004781
0.008997,-0.033829,0.004719
0.009733,-0.030743,0.004957
0.009673,-0.031238,0.004980
0.009321,-0.029847,0.004692
0.009617,-0.030286,0.004829
0.009216,-0.029102,0.004507
0.008343,-0.029139,0.004323
0.006762,-0.028712,0.004056
0.006128,-0.028768,0.004041
0.007288,-0.027215,0.003917
0.006119,-0.026860,0.003717
0.006667,-0.026809,0.003750
0.005010,-0.026462,0.003691
0.005736,-0.025943,0.003535
0.005795,-0.026411,0.003632
0.005268,-0.026385,0.003669
0.005214,-0.025975,0.003579
0.011419,-0.042664,0.007923
0.011530,-0.042340,0.007824
0.011126,-0.041700,0.008612
0.011551,-0.041863,0.007731
0.011152,-0.037755,0.007136
0.011269,-0.040542,0.007091
0.011331,-0.040705,0.006340
0.011324,-0.040338,0.005772
0.011152,-0.038588,0.007019
0.011182,-0.037156,0.006764
0.011062,-0.036888,0.007012
0.011160,-0.037578,0.007101
0.011088,-0.036679,0.006713
0.010772,-0.035728,0.006655
0.010178,-0.031022,0.005769
0.010057,-0.030491,0.005969
0.009954,-0.029561,0.005738
0.009856,-0.029484,0.006113
0.009774,-0.029008,0.006063
0.009506,-0.028424,0.006552
0.008534,-0.023134,0.006202
0.007884,-0.022497,0.007078
0.007650,-0.023365,0.007707
0.007543,-0.023817,0.007943
0.009171,-0.026520,0.006331
0.009315,-0.027459,0.006508
0.009248,-0.026997,0.006388
0.007092,-0.021890,0.007866
0.010129,-0.031919,0.006200
0.010621,-0.035360,0.006139
0.010420,-0.034549,0.006316
0.010235,-0.034041,0.005534
0.010001,-0.032613,0.005362
0.010126,-0.031974,0.005959
0.006779,-0.020921,0.007884
0.006005,-0.021815,0.008599
0.003485,-0.022942,0.008927
0.003301,-0.021027,0.008691
0.004438,-0.021170,0.008833
0.003596,-0.020015,0.008676
0.005433,-0.020862,0.008643
0.000568,-0.023053,0.007281
0.003105,-0.022020,0.008751
0.002392,-0.022616,0.008566
0.002034,-0.022194,0.008367
0.001463,-0.021827,0.008001
0.000829,-0.027922,0.005344
0.000788,-0.028357,0.005632
0.000991,-0.028886,0.005654
0.000431,-0.026560,0.005184
0.000770,-0.027460,0.005224
0.001051,-0.027934,0.005212
0.000151,-0.025978,0.005432
0.000249,-0.026330,0.005461
0.000051,-0.025411,0.005790
0.000067,-0.024279,0.006419
0.000069,-0.023272,0.006489
0.001630,-0.028371,0.005260
0.001566,-0.027906,0.005149
0.001426,-0.028860,0.005370
0.003313,-0.026485,0.004215
0.003733,-0.026013,0.003953
0.001944,-0.026441,0.004910
0.001746,-0.026924,0.005039
0.001513,-0.027433,0.005069
0.001727,-0.026926,0.005038
0.001186,-0.028860,0.005453
0.011610,-0.043054,0.006157
0.011631,-0.043087,0.006660
0.011620,-0.043121,0.006923
0.011703,-0.042827,0.005579
0.011601,-0.043001,0.005394
0.011602,-0.042924,0.007399
0.011678,-0.042889,0.007114
0.011556,-0.042568,0.004575
0.011635,-0.042583,0.004802
0.011556,-0.042936,0.005146
0.011469,-0.042533,0.004348
0.011313,-0.041779,0.003763
0.010838,-0.038391,0.003577
0.010829,-0.037806,0.003980
0.011023,-0.038337,0.003753
0.010819,-0.037810,0.003972
0.010564,-0.037606,0.004039
0.009656,-0.035744,0.004777
0.009944,-0.036186,0.004763
0.009437,-0.035266,0.004780
0.010621,-0.037374,0.004229
0.010479,-0.036746,0.004672
0.009914,-0.036677,0.004610
0.010737,-0.036942,0.004614
0.011625,-0.040187,0.004122
0.011717,-0.040662,0.004175
0.011695,-0.041193,0.004025
0.011497,-0.039710,0.004083
0.011410,-0.039181,0.004270
0.011343,-0.038627,0.004556
0.011223,-0.038228,0.004166
0.011150,-0.038283,0.003950
0.009636,-0.034736,0.004865
0.009508,-0.034259,0.004825
0.009738,-0.031714,0.005042
0.009700,-0.032723,0.004984
0.009944,-0.032137,0.005296
0.009821,-0.034205,0.004955
0.009607,-0.034245,0.004856
0.009898,-0.033674,0.005084
0.009806,-0.033197,0.005032
0.009901,-0.030708,0.005055
0.009887,-0.030232,0.004974
0.009623,-0.029801,0.004787
0.009825,-0.029756,0.004911
0.008498,-0.028562,0.004088
0.009415,-0.028415,0.004410
0.009510,-0.028855,0.004609
0.009051,-0.028491,0.004204
0.007927,-0.028120,0.004064
0.007612,-0.027664,0.004003
0.007187,-0.026265,0.003773
0.007447,-0.026248,0.003749
0.006028,-0.026031,0.003584
0.006281,-0.025892,0.003557
0.007085,-0.025315,0.003626
0.006013,-0.025914,0.003559
0.004407,-0.025531,0.003646
0.005313,-0.025967,0.003577
0.006096,-0.024960,0.003367
0.004840,-0.025050,0.003422
0.011709,-0.042447,0.007275
0.011652,-0.041856,0.007189
0.011561,-0.041495,0.007157
0.011717,-0.042080,0.006701
0.011260,-0.039331,0.005866
0.011300,-0.037794,0.006080
0.011586,-0.041550,0.006905
0.011717,-0.042187,0.006216
0.011673,-0.041797,0.005764
0.011572,-0.041146,0.005576
0.011542,-0.040018,0.004909
0.011279,-0.039861,0.005702
0.011142,-0.036913,0.006483
0.011272,-0.037372,0.005762
0.011011,-0.036428,0.006190
0.010134,-0.030546,0.005699
0.010170,-0.031552,0.005614
0.010162,-0.031075,0.005532
0.010077,-0.030069,0.005634
0.009916,-0.029117,0.005520
0.009826,-0.028640,0.005467
0.009553,-0.028003,0.006207
0.009350,-0.027473,0.006437
0.009188,-0.026527,0.006288
0.009577,-0.026737,0.005214
0.008931,-0.023773,0.005417
0.008578,-0.022807,0.005875
0.008292,-0.022604,0.006446
0.007463,-0.021490,0.007301
0.007674,-0.020170,0.006482
0.009248,-0.026997,0.006388
0.009248,-0.026997,0.006388
0.010790,-0.035944,0.005678
0.010575,-0.035296,0.005891
0.010472,-0.035083,0.005637
0.010254,-0.034571,0.005371
0.009967,-0.033142,0.005217
0.010059,-0.032081,0.005498
0.006927,-0.020475,0.007609
0.005987,-0.019442,0.008141
0.002542,-0.021133,0.008498
0.004852,-0.019914,0.008664
0.004067,-0.019967,0.008723
0.002369,-0.020673,0.008401
0.003187,-0.019575,0.008580
0.003927,-0.018532,0.008543
0.004198,-0.018509,0.008548
0.001161,-0.021408,0.007781
0.000692,-0.021538,0.007369
0.000205,-0.022210,0.006755
0.001700,-0.020302,0.008095
0.001156,-0.019924,0.007768
0.000898,-0.028385,0.005471
0.000252,-0.026031,0.005154
0.000684,-0.027004,0.005074
0.000553,-0.026077,0.004843
0.000340,-0.026057,0.005005
0.000980,-0.027474,0.005080
0.001296,-0.027929,0.005144
0.001115,-0.028400,0.005323
0.001248,-0.027540,0.005067
0.000135,-0.025556,0.005110
-0.000044,-0.025026,0.005331
-0.000128,-0.024517,0.005422
-0.000215,-0.023964,0.005707
-0.000088,-0.023857,0.006146
-0.000088,-0.022850,0.006217
0.001358,-0.028396,0.005248
0.001886,-0.025973,0.004818
0.002398,-0.024583,0.004192
0.003451,-0.023660,0.003507
0.001696,-0.026449,0.004969
0.001681,-0.026450,0.004968
0.001311,-0.026983,0.004944
0.011724,-0.042718,0.006056
0.011742,-0.042610,0.006535
0.011792,-0.042536,0.005242
0.011823,-0.042351,0.005450
0.011726,-0.042643,0.005789
0.011775,-0.042459,0.004982
0.011876,-0.041983,0.004860
0.011819,-0.042048,0.004640
0.011738,-0.042051,0.004416
0.011821,-0.041615,0.004308
0.011176,-0.038129,0.004165
0.010984,-0.037753,0.004167
0.010822,-0.037799,0.003980
0.010882,-0.037593,0.004175
0.009857,-0.035212,0.004871
0.009636,-0.034736,0.004865
0.010048,-0.035688,0.004888
0.010254,-0.036101,0.004888
0.009956,-0.034746,0.005004
0.010947,-0.037443,0.004377
0.010803,-0.036792,0.004816
0.010671,-0.036638,0.004835
0.011023,-0.037114,0.004795
0.011013,-0.037299,0.004579
0.011755,-0.040608,0.004404
0.011609,-0.040017,0.004350
0.011812,-0.041139,0.004226
0.011374,-0.039456,0.005270
0.011264,-0.038203,0.004399
0.011260,-0.038174,0.004396
0.011336,-0.038065,0.004854
0.011256,-0.038178,0.004380
0.009636,-0.034736,0.004865
0.010094,-0.031606,0.005399
0.009933,-0.034680,0.005001
0.009960,-0.034673,0.005026
0.010045,-0.030653,0.005246
0.010012,-0.030177,0.005172
0.009948,-0.029701,0.005109
0.009747,-0.029280,0.004853
0.009868,-0.029225,0.005052
0.008726,-0.028226,0.004021
0.008302,-0.027170,0.003744
0.009696,-0.028327,0.004700
0.009528,-0.027906,0.004432
0.009265,-0.027502,0.004123
0.008085,-0.027422,0.003854
0.007810,-0.027181,0.003875
0.007863,-0.027588,0.003963
0.007394,-0.025775,0.003669
0.007863,-0.025780,0.003475
0.007814,-0.025304,0.003406
0.006030,-0.025912,0.003562
0.007026,-0.024846,0.003529
0.007289,-0.024827,0.003513
0.005513,-0.024057,0.003186
0.006673,-0.024418,0.003360
0.006324,-0.023986,0.003202
0.005394,-0.023119,0.002991
0.011724,-0.041820,0.005642
0.011852,-0.041453,0.005025
0.011834,-0.041031,0.004703
0.011229,-0.037590,0.004806
0.010994,-0.036420,0.005690
0.011136,-0.037006,0.005239
0.011030,-0.036648,0.005466
0.010118,-0.030599,0.005462
0.010072,-0.030123,0.005393
0.010003,-0.029646,0.005332
0.009926,-0.029171,0.005274
0.009860,-0.028695,0.005212
0.009742,-0.027971,0.005377
0.009818,-0.028219,0.005142
0.009465,-0.027524,0.006166
0.009701,-0.027688,0.005341
0.009393,-0.027050,0.006094
0.009456,-0.025976,0.004868
0.009722,-0.027796,0.004848
0.009748,-0.027742,0.005081
0.009120,-0.024260,0.004932
0.008672,-0.022766,0.005581
0.008715,-0.021887,0.004147
0.008112,-0.020310,0.005690
0.006828,-0.019661,0.007452
0.007136,-0.019133,0.006888
0.007940,-0.019802,0.005816
0.007584,-0.017451,0.005382
0.009449,-0.027405,0.006137
0.010581,-0.035523,0.005425
0.010324,-0.035219,0.005209
0.006306,-0.018534,0.007660
0.005130,-0.018012,0.008212
0.006100,-0.018052,0.007676
0.003011,-0.019119,0.008472
0.002916,-0.018643,0.008420
0.004139,-0.018040,0.008451
0.003873,-0.018060,0.008458
0.003369,-0.018522,0.008489
0.000486,-0.021094,0.007210
-0.000365,-0.021476,0.005817
0.000229,-0.021700,0.006811
0.002110,-0.017919,0.008075
0.000516,-0.020089,0.007270
0.001141,-0.017975,0.007626
0.000272,-0.025596,0.004883
0.000851,-0.026544,0.004856
0.000908,-0.027014,0.004946
0.000739,-0.025603,0.004679
0.000791,-0.026076,0.004756
0.000493,-0.025608,0.004746
0.001165,-0.027001,0.004913
0.000214,-0.025125,0.004787
-0.000022,-0.024613,0.004954
-0.000133,-0.024127,0.004949
-0.000493,-0.022060,0.005464
-0.000244,-0.023652,0.004903
-0.000517,-0.022645,0.005073
0.001825,-0.025505,0.004713
0.001679,-0.026308,0.004943
0.001780,-0.025974,0.004847
0.002305,-0.023906,0.004033
0.001789,-0.023528,0.004151
0.001399,-0.024106,0.004481
0.002298,-0.022303,0.003496
0.003042,-0.020885,0.002770
0.004037,-0.020854,0.002544
0.001636,-0.025980,0.004870
0.001266,-0.026507,0.004875
0.011824,-0.042371,0.005355
0.011838,-0.042405,0.005202
0.011818,-0.042011,0.005390
0.011886,-0.041928,0.005099
0.011831,-0.042027,0.004678
0.011905,-0.041506,0.004764
0.011877,-0.041482,0.004882
0.011823,-0.042036,0.004636
0.011898,-0.041561,0.004523
0.011864,-0.041085,0.004450
0.011089,-0.037698,0.004372
0.010286,-0.035632,0.005045
0.010521,-0.036108,0.005046
0.010287,-0.035633,0.005045
0.011173,-0.037644,0.004584
0.010912,-0.036530,0.005234
0.009816,-0.028748,0.004985
0.008564,-0.027152,0.003726
0.008808,-0.027593,0.003877
0.008500,-0.026687,0.003614
0.008403,-0.026220,0.003523
0.008110,-0.025773,0.003414
0.009780,-0.028274,0.004912
0.009615,-0.027376,0.004558
0.009402,-0.026477,0.004220
0.009086,-0.027062,0.003934
0.008064,-0.025295,0.003353
0.007715,-0.024352,0.003269
0.007236,-0.024354,0.003437
0.008015,-0.024819,0.003285
0.006975,-0.024386,0.003454
0.005923,-0.023080,0.002969
0.005450,-0.023526,0.003089
0.006973,-0.024373,0.003451
0.006602,-0.023866,0.003242
0.006546,-0.023486,0.003141
0.006202,-0.023051,0.002998
0.005659,-0.023100,0.002982
0.004734,-0.020355,0.002305
0.011821,-0.041874,0.005365
0.010652,-0.036054,0.005242
0.009432,-0.025892,0.004609
0.008970,-0.023567,0.004104
0.008848,-0.022560,0.004220
0.008613,-0.021488,0.004668
0.008332,-0.020018,0.004704
0.008677,-0.021663,0.003867
0.008549,-0.021067,0.003806
0.008490,-0.020601,0.004248
0.007995,-0.019468,0.005484
0.006928,-0.018634,0.006979
0.007132,-0.017315,0.006163
0.007401,-0.016945,0.005496
0.008031,-0.018113,0.004470
0.008039,-0.017746,0.003896
0.007716,-0.015786,0.003912
0.010477,-0.035578,0.005219
0.010287,-0.035632,0.005046
0.006842,-0.018268,0.006943
0.006394,-0.017619,0.007289
0.004840,-0.017537,0.008223
0.005663,-0.016607,0.007648
0.006278,-0.016677,0.007112
0.002404,-0.017751,0.008168
0.003324,-0.018113,0.008424
0.003471,-0.016644,0.008294
0.004446,-0.016115,0.008080
0.003195,-0.016672,0.008271
0.002916,-0.016701,0.008241
0.003276,-0.017635,0.008358
0.000117,-0.020727,0.006772
-0.000476,-0.021530,0.005615
-0.000455,-0.020999,0.005764
0.001713,-0.016883,0.007871
0.000366,-0.017287,0.007072
0.000101,-0.019747,0.006733
0.001055,-0.017015,0.007526
0.001113,-0.026528,0.004836
0.001057,-0.026055,0.004750
0.001015,-0.025575,0.004701
0.000963,-0.025100,0.004626
0.000685,-0.025130,0.004598
0.000394,-0.024656,0.004606
0.000164,-0.024650,0.004717
-0.000152,-0.023684,0.004727
0.000113,-0.024175,0.004645
-0.000611,-0.022170,0.005020
-0.000680,-0.021639,0.005203
-0.000220,-0.023221,0.004604
-0.000601,-0.022224,0.004775
0.001580,-0.025509,0.004783
0.000948,-0.022725,0.004176
0.001628,-0.022273,0.003731
0.001207,-0.024584,0.004629
0.000949,-0.024125,0.004561
0.001665,-0.021361,0.003369
0.002145,-0.018537,0.002116
0.003213,-0.019060,0.002011
0.004292,-0.019271,0.001982
0.003634,-0.018588,0.001753
0.001352,-0.026014,0.004827
0.008801,-0.027117,0.003794
0.008800,-0.026642,0.003707
0.008749,-0.026167,0.003632
0.008443,-0.026217,0.003523
0.008388,-0.025745,0.003441
0.008392,-0.025780,0.003447
0.009378,-0.025947,0.004386
0.009152,-0.026047,0.004018
0.008995,-0.025104,0.003867
0.008802,-0.026655,0.003710
0.008760,-0.026165,0.003638
0.008386,-0.025714,0.003439
0.008239,-0.024791,0.003325
0.007665,-0.023877,0.003197
0.007925,-0.023861,0.003174
0.007507,-0.022457,0.002963
0.007122,-0.023413,0.003255
0.007614,-0.023402,0.003123
0.006974,-0.024373,0.003451
0.007024,-0.023896,0.003348
0.008266,-0.024299,0.003307
0.006254,-0.021651,0.002596
0.006623,-0.023475,0.003164
0.005172,-0.019871,0.002092
0.004899,-0.019743,0.002102
0.008358,-0.021846,0.003167
0.008937,-0.024627,0.003802
0.008850,-0.024152,0.003748
0.008343,-0.022833,0.003188
0.008565,-0.023741,0.003469
0.008354,-0.019925,0.004175
0.008236,-0.019204,0.003950
0.008450,-0.020765,0.003535
0.006660,-0.016747,0.006656
0.007213,-0.015994,0.005391
0.006411,-0.015779,0.006650
0.008123,-0.018384,0.003224
0.007907,-0.016882,0.003371
0.007510,-0.014781,0.004057
0.007691,-0.014943,0.003264
0.007831,-0.016426,0.003229
0.004537,-0.014687,0.007790
0.005875,-0.014751,0.007007
0.003371,-0.015692,0.008152
0.003314,-0.015222,0.008061
0.003099,-0.016206,0.008169
0.003093,-0.015722,0.008125
0.002156,-0.015840,0.007937
0.003016,-0.015730,0.008113
-0.000408,-0.020469,0.005904
-0.000486,-0.021479,0.005609
-0.000455,-0.020999,0.005764
-0.000457,-0.020490,0.005831
-0.000455,-0.020999,0.005764
0.000763,-0.016592,0.007310
0.000898,-0.015467,0.007312
0.000211,-0.015234,0.006935
0.001869,-0.015407,0.007767
0.000628,-0.016128,0.007214
-0.000065,-0.019299,0.006580
-0.000486,-0.016784,0.006279
-0.000550,-0.017979,0.006012
-0.000130,-0.018822,0.006518
-0.000017,-0.016279,0.006777
-0.000467,-0.019474,0.005947
-0.000639,-0.020047,0.005659
0.000930,-0.024613,0.004605
0.000604,-0.024165,0.004511
0.000347,-0.024178,0.004544
0.000057,-0.023705,0.004556
0.000296,-0.023704,0.004472
-0.000716,-0.021748,0.004730
-0.000602,-0.021055,0.005574
-0.000949,-0.020320,0.004557
-0.000807,-0.021271,0.004678
-0.000119,-0.023230,0.004530
-0.000343,-0.022754,0.004525
-0.000297,-0.022765,0.004457
-0.000609,-0.021889,0.004465
0.000589,-0.021927,0.004042
0.000635,-0.020847,0.003578
0.000556,-0.023688,0.004446
0.003716,-0.017678,0.001361
0.001645,-0.017287,0.001657
0.001582,-0.018183,0.002100
-0.000433,-0.019000,0.003124
-0.000020,-0.019909,0.003392
0.004105,-0.018248,0.001612
0.005446,-0.018481,0.001559
0.004233,-0.017647,0.001306
0.008712,-0.025689,0.003569
0.008700,-0.025691,0.003563
0.008554,-0.024737,0.003454
0.008465,-0.024261,0.003401
0.007870,-0.023388,0.003088
0.008216,-0.023823,0.003239
0.008160,-0.023351,0.003150
0.007215,-0.022468,0.003022
0.007819,-0.022915,0.003016
0.007761,-0.022445,0.002921
0.007698,-0.021979,0.002814
0.007189,-0.022002,0.002894
0.006912,-0.022031,0.002871
0.006487,-0.021223,0.002554
0.005916,-0.019568,0.001957
0.007985,-0.021943,0.002865
0.008043,-0.021459,0.002796
0.008031,-0.022412,0.002971
0.008030,-0.022269,0.002946
0.008185,-0.020928,0.002902
0.008270,-0.020885,0.003060
0.008671,-0.025200,0.003553
0.008029,-0.022887,0.003058
0.008326,-0.019813,0.003407
0.006184,-0.014349,0.006475
0.006129,-0.013874,0.006409
0.007230,-0.014637,0.004804
0.008101,-0.019976,0.002760
0.008092,-0.018968,0.002840
0.008082,-0.018438,0.002995
0.007809,-0.017596,0.002437
0.007672,-0.015636,0.002387
0.007624,-0.016698,0.002089
0.007245,-0.012752,0.004366
0.007121,-0.013666,0.004754
0.007141,-0.014143,0.004832
0.007726,-0.013092,0.002666
0.007648,-0.013078,0.003196
0.007599,-0.014992,0.002044
0.007526,-0.012894,0.003632
0.004240,-0.014218,0.007781
0.003725,-0.014254,0.007845
0.005326,-0.014243,0.007268
0.005049,-0.013298,0.007166
0.005708,-0.013434,0.006733
0.002992,-0.014868,0.007966
0.002953,-0.014302,0.007878
0.002977,-0.014728,0.007946
0.002066,-0.014889,0.007798
-0.000565,-0.020524,0.005718
0.000113,-0.014266,0.006872
0.000309,-0.013734,0.006959
-0.000609,-0.015436,0.006333
-0.000472,-0.015912,0.006369
-0.000510,-0.018986,0.005927
-0.001666,-0.015818,0.005014
-0.000904,-0.015015,0.006110
-0.001050,-0.018198,0.005221
-0.000011,-0.023241,0.004433
0.000163,-0.022776,0.004236
-0.000748,-0.021326,0.004413
-0.001206,-0.018838,0.004635
-0.000899,-0.020610,0.004591
-0.001017,-0.019872,0.004370
-0.000900,-0.020374,0.004297
-0.001388,-0.018183,0.004330
-0.000370,-0.022306,0.004319
-0.000085,-0.022784,0.004293
-0.000150,-0.022320,0.004181
-0.000695,-0.021346,0.004305
-0.000499,-0.021377,0.004096
0.000102,-0.022309,0.004132
0.000039,-0.021844,0.004026
-0.000152,-0.021379,0.003957
-0.000098,-0.020918,0.003779
0.003438,-0.016343,0.000783
0.004408,-0.017182,0.001108
-0.000264,-0.017579,0.002303
0.001551,-0.016843,0.001461
0.000367,-0.018201,0.002468
-0.000480,-0.020000,0.003600
-0.000735,-0.018649,0.003084
0.000113,-0.018127,0.002520
0.005759,-0.018456,0.001561
0.004962,-0.017293,0.001133
0.007910,-0.021485,0.002724
0.007642,-0.021595,0.002712
0.006719,-0.020196,0.002286
0.006429,-0.019298,0.001977
0.006525,-0.019753,0.002125
0.008009,-0.020983,0.002722
0.008135,-0.020451,0.002835
0.005907,-0.013366,0.006546
0.006758,-0.013559,0.005369
0.006548,-0.013028,0.005602
0.007981,-0.020507,0.002647
0.007902,-0.019077,0.002418
0.007843,-0.018602,0.002353
0.007518,-0.016276,0.001799
0.007544,-0.017704,0.002047
0.007315,-0.012292,0.004184
0.006555,-0.011600,0.005342
0.007666,-0.011430,0.003481
0.007670,-0.013785,0.001802
0.008117,-0.010084,0.002684
0.007820,-0.010874,0.003243
0.007513,-0.012390,0.003669
0.007486,-0.015454,0.001663
0.007590,-0.014793,0.001759
0.003980,-0.013294,0.007581
0.004829,-0.013386,0.007292
0.003418,-0.013784,0.007808
0.005282,-0.011428,0.006587
0.004291,-0.012818,0.007377
0.004248,-0.010464,0.006846
0.005492,-0.011447,0.006418
0.002421,-0.014358,0.007827
0.002931,-0.014304,0.007879
0.003008,-0.013349,0.007688
-0.000703,-0.013955,0.006352
-0.000915,-0.014510,0.006161
0.000602,-0.012197,0.007082
0.000023,-0.012392,0.006820
-0.000366,-0.013368,0.006631
-0.001884,-0.016511,0.004208
-0.002123,-0.016090,0.003965
-0.002251,-0.013915,0.004881
-0.002158,-0.013746,0.005071
-0.000755,-0.020878,0.004205
-0.000950,-0.019485,0.003864
-0.001276,-0.018521,0.003846
-0.001634,-0.017517,0.004047
-0.001612,-0.017574,0.003796
-0.000213,-0.021853,0.004072
-0.000399,-0.021380,0.004045
-0.000523,-0.021194,0.004056
-0.000605,-0.020904,0.004034
-0.000275,-0.021386,0.003967
-0.000416,-0.020465,0.003710
0.002280,-0.014507,0.000080
0.004239,-0.016482,0.000742
0.003851,-0.015877,0.000500
-0.000839,-0.018160,0.002867
-0.000861,-0.017198,0.002197
-0.000291,-0.016459,0.001642
0.000503,-0.016532,0.001588
0.000956,-0.016304,0.001384
-0.000634,-0.020450,0.003853
-0.000699,-0.019986,0.003739
-0.000790,-0.019385,0.003575
-0.000942,-0.018627,0.003260
-0.001231,-0.018153,0.003275
-0.001368,-0.017662,0.002967
0.006184,-0.017953,0.001436
0.006934,-0.018767,0.001952
0.005174,-0.017037,0.001011
0.007725,-0.020561,0.002496
0.007654,-0.019624,0.002282
0.007731,-0.019133,0.002237
0.005896,-0.011969,0.006150
0.007735,-0.019608,0.002321
0.007364,-0.017283,0.001783
0.007336,-0.015571,0.001233
0.007214,-0.016699,0.001480
0.007172,-0.018266,0.001888
0.007076,-0.017679,0.001706
0.007600,-0.011394,0.003668
0.007528,-0.010863,0.003851
0.006257,-0.011071,0.005604
0.006382,-0.010129,0.005338
0.007238,-0.009803,0.004269
0.007667,-0.010917,0.003558
0.007558,-0.013949,0.001114
0.008237,-0.011403,0.001169
0.007830,-0.010459,0.003327
0.008114,-0.009576,0.002747
0.008250,-0.009649,0.002366
0.008499,-0.010450,0.000904
0.008250,-0.009655,0.002365
0.007346,-0.015010,0.000876
0.002765,-0.012890,0.007620
0.004872,-0.010017,0.006398
0.003384,-0.011423,0.007305
0.003196,-0.010969,0.007191
0.003241,-0.010339,0.007062
0.003447,-0.010023,0.006931
0.003938,-0.010003,0.006802
0.004569,-0.009536,0.006441
0.005746,-0.010541,0.005947
0.001032,-0.010211,0.006939
0.001839,-0.011555,0.007280
0.002473,-0.010542,0.007148
-0.000730,-0.012947,0.006433
-0.001290,-0.012561,0.006149
-0.001801,-0.012690,0.005762
0.000537,-0.010737,0.006987
-0.000823,-0.010934,0.006609
-0.000940,-0.011465,0.006494
-0.001798,-0.017151,0.003534
-0.002257,-0.015949,0.003736
-0.003008,-0.014296,0.003455
-0.003536,-0.012869,0.003388
-0.002330,-0.012854,0.005224
-0.003488,-0.011700,0.004169
-0.000736,-0.020428,0.003995
-0.001168,-0.018578,0.003565
-0.001391,-0.018096,0.003587
-0.000565,-0.020913,0.003979
0.001678,-0.014075,-0.000034
0.003183,-0.013997,-0.000335
0.004155,-0.014977,-0.000023
0.002706,-0.014144,-0.000183
0.002354,-0.013687,-0.000346
0.004424,-0.016294,0.000642
0.004679,-0.016120,0.000518
-0.001223,-0.016790,0.002001
-0.001276,-0.017334,0.002521
-0.001285,-0.015638,0.001247
-0.000242,-0.015572,0.001156
0.000630,-0.015969,0.001274
0.000857,-0.013764,-0.000023
0.000315,-0.014662,0.000590
-0.001651,-0.017227,0.002991
-0.001606,-0.016889,0.002418
0.006147,-0.017503,0.001250
0.005989,-0.017071,0.001022
0.005822,-0.016372,0.000659
0.005879,-0.016638,0.000780
0.005964,-0.016972,0.000968
0.006898,-0.016930,0.001320
0.006626,-0.017194,0.001275
0.007084,-0.016440,0.001227
0.007185,-0.015962,0.001106
0.007072,-0.015355,0.000532
0.007098,-0.016362,0.001208
0.007667,-0.010917,0.003558
0.007613,-0.010387,0.003734
0.006124,-0.009632,0.005440
0.006127,-0.009166,0.005310
0.006991,-0.008321,0.004343
0.007395,-0.008382,0.003913
0.007718,-0.009433,0.003526
0.007667,-0.010917,0.003558
0.007327,-0.014728,0.000580
0.007465,-0.013763,0.000356
0.008079,-0.011985,0.000069
0.008277,-0.011566,0.000427
0.007551,-0.013057,-0.000054
0.008437,-0.010981,0.000769
0.007668,-0.010405,0.003634
0.008231,-0.009151,0.002385
0.007982,-0.008535,0.003017
0.008449,-0.010191,-0.000134
0.008511,-0.009976,0.000805
0.002918,-0.011928,0.007434
0.002945,-0.010034,0.007033
0.003067,-0.009094,0.006760
0.004293,-0.009068,0.006423
0.004360,-0.008168,0.005991
0.004926,-0.007418,0.005427
0.005428,-0.007650,0.005289
0.005694,-0.007917,0.005241
0.001516,-0.009848,0.006836
0.000905,-0.009281,0.006720
0.000150,-0.009341,0.006730
0.002581,-0.009595,0.006913
-0.002111,-0.011209,0.005858
-0.002688,-0.011902,0.005181
-0.000088,-0.010334,0.006805
-0.001644,-0.010599,0.006194
-0.000685,-0.010421,0.006634
-0.002499,-0.015823,0.003084
-0.002736,-0.015181,0.003264
-0.003275,-0.013874,0.003223
-0.003019,-0.014787,0.002538
-0.004254,-0.012075,0.002494
-0.003458,-0.013600,0.002986
-0.004098,-0.011494,0.003091
-0.003800,-0.011332,0.003711
-0.003692,-0.010196,0.004317
-0.003003,-0.011481,0.004966
-0.003382,-0.010584,0.004688
0.001345,-0.013754,-0.000161
0.002228,-0.013254,-0.000632
0.005014,-0.015385,0.000056
0.002653,-0.011966,-0.001511
0.003006,-0.012322,-0.001330
0.003346,-0.012832,-0.001209
0.004217,-0.013238,-0.001096
0.005313,-0.013821,-0.001132
0.004627,-0.014868,-0.000192
0.005784,-0.015261,-0.000032
0.005933,-0.016182,0.000585
-0.001715,-0.015897,0.001512
-0.002184,-0.014409,0.000427
-0.001973,-0.014214,0.000292
-0.001000,-0.013881,0.000136
0.000113,-0.014670,0.000635
0.000488,-0.013347,-0.000237
0.001074,-0.013635,-0.000149
0.000713,-0.013232,-0.000344
-0.000748,-0.013734,0.000019
-0.000156,-0.012956,-0.000469
-0.002041,-0.016047,0.001909
-0.002671,-0.015436,0.002661
-0.002437,-0.015802,0.002512
-0.001954,-0.015892,0.001597
0.006452,-0.016567,0.000884
0.006165,-0.016604,0.000830
0.006165,-0.016604,0.000830
0.006691,-0.016290,0.000837
0.006366,-0.016242,0.000692
0.006677,-0.015406,0.000178
0.007357,-0.014167,0.000215
0.006762,-0.015228,0.000116
0.007199,-0.014670,0.000235
0.006171,-0.008235,0.005024
0.007552,-0.007929,0.003665
0.006956,-0.007845,0.004267
0.008196,-0.011306,-0.000600
0.007612,-0.012791,-0.000376
0.008413,-0.009022,0.000678
0.008292,-0.008752,0.001935
0.008543,-0.009607,0.000231
0.008035,-0.008098,0.002738
0.008511,-0.009976,0.000057
0.008112,-0.010438,-0.001113
0.008359,-0.009823,-0.000673
0.008428,-0.008287,-0.000469
0.008404,-0.008818,-0.000618
0.003967,-0.008619,0.006332
0.003670,-0.008334,0.006296
0.002355,-0.008222,0.006494
0.002841,-0.007723,0.006328
0.004532,-0.007705,0.005787
0.004225,-0.007242,0.005749
0.005493,-0.006847,0.004836
0.004514,-0.006519,0.005161
0.006244,-0.007332,0.004608
0.001650,-0.008835,0.006606
-0.000204,-0.007968,0.006358
0.001300,-0.008316,0.006459
-0.000282,-0.009873,0.006728
-0.000731,-0.009710,0.006608
-0.000509,-0.008932,0.006588
-0.002160,-0.010201,0.005948
-0.002738,-0.010402,0.005434
-0.001010,-0.010111,0.006528
-0.002730,-0.015356,0.003041
-0.003443,-0.014037,0.002555
-0.002894,-0.014988,0.002530
-0.002839,-0.014999,0.002259
-0.003994,-0.013059,0.002325
-0.004355,-0.012242,0.002055
-0.004318,-0.011074,0.002841
-0.003565,-0.009632,0.004582
-0.003693,-0.009175,0.004458
-0.004333,-0.009482,0.003317
-0.003152,-0.009468,0.005162
0.001514,-0.012522,-0.001011
0.002796,-0.011525,-0.001799
0.002377,-0.011547,-0.001749
0.002427,-0.011108,-0.002015
0.003079,-0.011492,-0.001759
0.004323,-0.012816,-0.001489
0.003855,-0.011959,-0.001916
0.003331,-0.011482,-0.001806
0.004956,-0.013458,-0.001322
0.006170,-0.014897,-0.000406
0.006282,-0.013626,-0.001407
0.006249,-0.014389,-0.000861
0.005257,-0.012827,-0.001890
0.006463,-0.015647,0.000298
0.006247,-0.015120,-0.000224
0.006165,-0.016604,0.000830
0.006056,-0.016171,0.000589
-0.002073,-0.015528,0.001322
-0.002416,-0.014541,0.000511
-0.002433,-0.015130,0.001127
-0.002546,-0.014812,0.000859
-0.002758,-0.014321,0.000341
-0.002880,-0.013923,0.000061
-0.001655,-0.013521,-0.000222
-0.002340,-0.012998,-0.000552
-0.002788,-0.013294,-0.000338
-0.001719,-0.013093,-0.000505
0.000332,-0.012926,-0.000514
0.000251,-0.012495,-0.000771
0.001047,-0.012622,-0.000826
-0.001026,-0.012602,-0.000589
-0.000773,-0.012547,-0.000628
-0.000223,-0.012662,-0.000615
-0.000001,-0.012505,-0.000723
-0.002243,-0.015643,0.001580
-0.002436,-0.015573,0.001965
-0.002730,-0.015273,0.002522
0.006572,-0.015175,-0.000078
0.007154,-0.014627,0.000118
0.007751,-0.007529,0.003171
0.007288,-0.007437,0.003751
0.007407,-0.007011,0.003394
0.007845,-0.011314,-0.001230
0.008042,-0.010940,-0.001116
0.007680,-0.012027,-0.001042
0.007162,-0.012995,-0.001122
0.007312,-0.012349,-0.001358
0.008403,-0.008437,0.001082
0.008358,-0.008545,0.000612
0.008052,-0.007690,0.002335
0.008467,-0.008232,-0.000241
0.007941,-0.010049,-0.001530
0.008147,-0.008981,-0.001254
0.008257,-0.007334,-0.000579
0.008294,-0.007865,-0.000750
0.008206,-0.007918,-0.000960
0.003012,-0.007373,0.006106
0.003696,-0.007060,0.005804
0.001800,-0.007976,0.006397
0.002646,-0.006923,0.005904
0.001860,-0.006893,0.005971
0.003878,-0.006810,0.005598
0.005880,-0.006652,0.004443
0.004757,-0.005807,0.004441
0.004230,-0.006388,0.005141
0.004404,-0.005488,0.004257
0.004177,-0.005575,0.004364
0.006347,-0.006918,0.004207
0.007174,-0.006878,0.003514
0.001212,-0.007856,0.006334
-0.000864,-0.008421,0.006424
0.000306,-0.007406,0.006074
-0.000027,-0.007069,0.005880
-0.000692,-0.007772,0.006246
-0.000827,-0.008022,0.006339
0.000593,-0.007460,0.006117
-0.001036,-0.009480,0.006543
-0.000792,-0.008965,0.006546
-0.002390,-0.008748,0.005886
-0.002950,-0.008882,0.005489
-0.001993,-0.009868,0.006080
-0.004055,-0.013249,0.001876
-0.002771,-0.015097,0.002000
-0.003021,-0.014802,0.001785
-0.004418,-0.012352,0.001592
-0.004556,-0.011290,0.001956
-0.004475,-0.009059,0.003040
-0.004552,-0.009645,0.002668
-0.004596,-0.010230,0.002284
-0.004110,-0.008843,0.003879
-0.003179,-0.008439,0.005239
-0.003854,-0.008268,0.004144
-0.003477,-0.007897,0.004491
-0.003288,-0.008167,0.004977
0.000948,-0.011145,-0.001634
0.001418,-0.010844,-0.001784
0.000553,-0.011712,-0.001317
0.002949,-0.011011,-0.002050
0.002365,-0.010767,-0.002138
0.003244,-0.011034,-0.001982
0.004678,-0.012391,-0.001939
0.004934,-0.012493,-0.001992
0.004075,-0.011900,-0.002043
0.003765,-0.011512,-0.002099
0.003553,-0.011461,-0.001935
0.006472,-0.014992,-0.000328
0.006473,-0.014248,-0.000967
0.006599,-0.014018,-0.001054
0.006560,-0.013560,-0.001374
0.006332,-0.012738,-0.001888
0.006563,-0.014860,-0.000384
0.006685,-0.014738,-0.000450
0.005931,-0.012345,-0.002196
0.005627,-0.012266,-0.002281
-0.002318,-0.015468,0.001399
-0.002647,-0.014617,0.000607
-0.002752,-0.014816,0.001035
-0.002598,-0.015215,0.001403
-0.002889,-0.014591,0.000689
-0.003119,-0.013931,0.000148
-0.003320,-0.013180,-0.000304
-0.002006,-0.012238,-0.001010
-0.002919,-0.012722,-0.000619
0.000229,-0.012411,-0.000822
-0.001077,-0.012139,-0.000907
-0.000362,-0.012083,-0.000916
-0.000001,-0.012505,-0.000723
-0.000001,-0.012505,-0.000723
-0.002471,-0.015506,0.001714
-0.002653,-0.015278,0.001990
0.006779,-0.014872,-0.000208
0.006809,-0.014807,-0.000230
0.006882,-0.014330,-0.000594
0.007762,-0.007099,0.002871
0.007586,-0.007029,0.003141
0.007287,-0.006586,0.003124
0.007498,-0.010296,-0.002046
0.007321,-0.011178,-0.001915
0.006720,-0.013118,-0.001511
0.006746,-0.013054,-0.001532
0.006960,-0.013561,-0.001013
0.006892,-0.012642,-0.001659
0.006853,-0.012194,-0.001862
0.008405,-0.008130,0.000773
0.008427,-0.007961,0.000987
0.008432,-0.007594,0.000414
0.007926,-0.006793,0.001966
0.007815,-0.006721,0.002325
0.008076,-0.006876,0.001534
0.008027,-0.006847,0.001687
0.008360,-0.007432,0.001168
0.007943,-0.006801,0.001922
0.007741,-0.006685,0.002518
0.008346,-0.007172,0.000116
0.007520,-0.009729,-0.002156
0.007939,-0.008559,-0.001507
0.008162,-0.006749,-0.000145
0.008064,-0.006859,-0.000596
0.008124,-0.006804,-0.000374
0.007969,-0.006914,-0.000805
0.007421,-0.007992,-0.001928
0.007766,-0.007552,-0.001373
0.007907,-0.007497,-0.001181
0.007836,-0.006968,-0.000999
0.003103,-0.006723,0.005704
0.003333,-0.005884,0.004966
0.001424,-0.007426,0.006181
0.002717,-0.006424,0.005536
0.001935,-0.006226,0.005529
0.001478,-0.006485,0.005719
0.003814,-0.005928,0.004801
0.003570,-0.005876,0.004879
0.006219,-0.006499,0.003910
0.005843,-0.005550,0.003752
0.005588,-0.005395,0.003815
0.005160,-0.005553,0.004102
0.003944,-0.005650,0.004452
0.004073,-0.005379,0.004104
0.004304,-0.005303,0.004007
0.003844,-0.005461,0.004202
0.006424,-0.006553,0.003724
0.006623,-0.006551,0.003531
0.006810,-0.006453,0.003315
-0.000921,-0.008035,0.006321
0.000292,-0.006143,0.005470
-0.000326,-0.007097,0.005865
-0.000247,-0.006189,0.005466
-0.001683,-0.008132,0.006162
-0.001045,-0.007612,0.006040
-0.000923,-0.007105,0.005704
-0.001134,-0.007365,0.005827
-0.002036,-0.009175,0.006058
-0.001140,-0.008533,0.006390
-0.002824,-0.008352,0.005601
-0.003767,-0.013779,0.001615
-0.003997,-0.013412,0.001127
-0.004054,-0.013302,0.001380
-0.003121,-0.014622,0.001535
-0.004598,-0.011508,0.001001
-0.004267,-0.012567,0.000567
-0.004644,-0.010870,0.001659
-0.004579,-0.008919,0.002043
-0.004393,-0.008529,0.003168
-0.004463,-0.008480,0.002427
-0.004687,-0.009862,0.001746
-0.003119,-0.007986,0.005136
-0.002917,-0.007884,0.005298
-0.003703,-0.007359,0.003718
-0.004030,-0.007985,0.003696
-0.003446,-0.007250,0.004111
0.000758,-0.009748,-0.001963
0.000294,-0.010250,-0.001825
-0.000031,-0.011164,-0.001361
0.000196,-0.009297,-0.001961
0.002343,-0.010657,-0.002183
0.002751,-0.010193,-0.002480
-0.000112,-0.012073,-0.000968
0.002819,-0.010546,-0.002341
0.002586,-0.010653,-0.002257
0.003472,-0.011039,-0.002098
0.003041,-0.010375,-0.002450
0.003405,-0.010810,-0.002251
0.005425,-0.011516,-0.002731
0.004175,-0.011333,-0.002433
0.004651,-0.011315,-0.002607
0.006622,-0.014438,-0.000733
0.006675,-0.013891,-0.001103
0.006430,-0.012275,-0.002064
0.005793,-0.011933,-0.002519
0.006374,-0.011794,-0.002383
0.006493,-0.012159,-0.002107
-0.003045,-0.014612,0.001001
-0.003303,-0.014019,0.000370
-0.003406,-0.014204,0.000805
-0.003542,-0.013169,-0.000169
-0.003574,-0.011830,-0.000814
-0.003726,-0.012278,-0.000551
-0.003340,-0.011808,-0.000911
-0.001483,-0.012054,-0.001030
-0.002431,-0.011371,-0.001317
-0.001278,-0.011724,-0.001162
-0.000791,-0.009835,-0.001785
0.007448,-0.006475,0.002837
0.006840,-0.006156,0.002999
0.007082,-0.010790,-0.002312
0.006624,-0.012651,-0.001814
0.008341,-0.007030,0.000755
0.007736,-0.006317,0.001948
0.007830,-0.006370,0.001672
0.007606,-0.006264,0.002237
0.007601,-0.006435,0.002523
0.007830,-0.006370,0.001672
0.007830,-0.006370,0.001672
0.008201,-0.006901,0.001130
0.008166,-0.006588,0.000581
0.008190,-0.006696,0.000087
0.006962,-0.010368,-0.002597
0.006802,-0.009947,-0.002868
0.007351,-0.009281,-0.002307
0.007058,-0.008356,-0.002489
0.006909,-0.008940,-0.002835
0.007992,-0.006474,-0.000134
0.007912,-0.006482,-0.000356
0.007836,-0.006526,-0.000573
0.007765,-0.006622,-0.000783
0.007699,-0.006774,-0.000985
0.006859,-0.007167,-0.001874
0.006731,-0.007496,-0.002274
0.007489,-0.007077,-0.001360
0.007642,-0.006995,-0.001177
0.002772,-0.005857,0.004910
0.002606,-0.006018,0.005177
0.003236,-0.005729,0.004720
0.001599,-0.006058,0.005367
0.001030,-0.005961,0.005301
0.000803,-0.006069,0.005402
0.003471,-0.005702,0.004631
0.006052,-0.005596,0.003580
0.005881,-0.005151,0.003415
0.005712,-0.005067,0.003459
0.005472,-0.005051,0.003543
0.003755,-0.005390,0.003968
0.004218,-0.005249,0.003776
0.004480,-0.005189,0.003763
0.003291,-0.005521,0.004158
0.006411,-0.006104,0.003395
0.000013,-0.006134,0.005445
0.000466,-0.005900,0.005241
-0.000611,-0.006225,0.005434
-0.000326,-0.005948,0.005281
-0.000546,-0.006130,0.005393
-0.002196,-0.007889,0.005797
-0.001683,-0.007457,0.005788
-0.001185,-0.007201,0.005710
-0.001089,-0.006281,0.005363
-0.001266,-0.006875,0.005533
-0.001288,-0.006765,0.005487
-0.001468,-0.007235,0.005670
-0.002311,-0.007562,0.005527
-0.003676,-0.013886,0.001098
-0.003800,-0.013477,0.000564
-0.004684,-0.011031,0.000946
-0.004521,-0.011193,0.000159
-0.004354,-0.011705,0.000029
-0.004239,-0.012320,0.000261
-0.004074,-0.012394,-0.000038
-0.003842,-0.012701,-0.000188
-0.003642,-0.013151,-0.000057
-0.004669,-0.009602,0.000684
-0.004633,-0.009187,0.001857
-0.004331,-0.008230,0.002082
-0.004344,-0.008325,0.001851
-0.004572,-0.008855,0.001776
-0.004188,-0.007998,0.003251
-0.004271,-0.008034,0.002277
-0.004682,-0.009441,0.001416
-0.003056,-0.006718,0.004128
-0.003287,-0.006673,0.003699
-0.003585,-0.006926,0.002841
0.002449,-0.009728,-0.002503
0.001401,-0.008775,-0.002282
-0.000012,-0.009788,-0.001861
-0.000567,-0.009333,-0.001839
0.000176,-0.008800,-0.001945
0.002634,-0.009256,-0.002669
0.003097,-0.009266,-0.002884
0.003517,-0.010368,-0.002623
0.005721,-0.011656,-0.002678
0.005505,-0.010607,-0.003125
0.004731,-0.010557,-0.003024
0.003938,-0.010197,-0.002928
0.006060,-0.011838,-0.002514
0.006234,-0.011431,-0.002649
-0.003907,-0.010875,-0.000853
-0.004066,-0.011329,-0.000612
-0.002765,-0.010909,-0.001427
-0.001540,-0.010371,-0.001692
-0.001901,-0.009437,-0.001813
0.006557,-0.005571,0.002742
0.006350,-0.005119,0.002231
0.007336,-0.006176,0.002572
0.008079,-0.006535,0.000847
0.007552,-0.005995,0.001704
0.006871,-0.005541,0.002120
0.007499,-0.005926,0.001567
0.008165,-0.006594,0.000329
0.007820,-0.006165,0.000377
0.008075,-0.006502,0.000093
0.006368,-0.010498,-0.002961
0.006606,-0.009987,-0.002976
0.006781,-0.009471,-0.002946
0.006621,-0.007988,-0.002903
0.006634,-0.008519,-0.003065
0.007200,-0.005740,0.000018
0.007384,-0.005990,-0.000255
0.007362,-0.005752,0.000466
0.007310,-0.006063,-0.000469
0.006918,-0.006142,-0.000818
0.007049,-0.006661,-0.001277
0.006272,-0.006886,-0.001967
0.006526,-0.007404,-0.002469
0.006342,-0.006781,-0.001758
0.001968,-0.005796,0.004935
0.002356,-0.005705,0.004528
0.001262,-0.005894,0.005206
0.000701,-0.005860,0.005149
0.000936,-0.005825,0.005058
0.005952,-0.005158,0.003363
0.006258,-0.005731,0.003383
0.005853,-0.004900,0.003127
0.005374,-0.004881,0.003296
0.005140,-0.004932,0.003388
0.003444,-0.005472,0.003842
0.003909,-0.005346,0.003653
0.004176,-0.005263,0.003542
0.002745,-0.005631,0.004122
-0.000096,-0.005864,0.005183
0.000375,-0.005796,0.005003
-0.000881,-0.005981,0.005233
-0.000421,-0.005802,0.005038
-0.000655,-0.005852,0.005130
-0.001756,-0.007272,0.005611
-0.001468,-0.007235,0.005670
-0.001584,-0.006807,0.005409
-0.001416,-0.006197,0.005213
-0.001096,-0.005860,0.005037
-0.001468,-0.007235,0.005670
-0.002050,-0.006252,0.004945
-0.002352,-0.006411,0.004830
-0.004642,-0.010664,0.000360
-0.004246,-0.010826,-0.000511
-0.004500,-0.010276,-0.000171
-0.004608,-0.009712,0.000176
-0.004496,-0.009015,0.000768
-0.004550,-0.009181,0.000312
-0.003856,-0.007423,0.002018
-0.003985,-0.007957,0.001151
-0.004512,-0.008822,0.001496
-0.003336,-0.007086,0.001267
-0.004055,-0.007686,0.002389
-0.002523,-0.006119,0.004402
-0.002831,-0.006242,0.003962
-0.002711,-0.006187,0.004162
-0.003220,-0.006460,0.003131
-0.003514,-0.006866,0.002299
-0.003230,-0.006522,0.002388
0.000906,-0.008277,-0.002089
0.000909,-0.007763,-0.002008
0.001395,-0.008268,-0.002226
-0.000972,-0.008860,-0.001787
-0.001068,-0.008353,-0.001592
-0.000546,-0.007997,-0.001590
0.000445,-0.007568,-0.001771
-0.000806,-0.008310,-0.001607
0.002838,-0.008768,-0.002783
0.002605,-0.008469,-0.002637
0.003328,-0.009317,-0.002996
0.003543,-0.009287,-0.003145
0.003306,-0.009103,-0.003027
0.003061,-0.008779,-0.002913
0.006022,-0.011009,-0.002902
0.005745,-0.010354,-0.003173
0.004836,-0.009725,-0.003361
0.004339,-0.009739,-0.003243
-0.003561,-0.009945,-0.001255
-0.003059,-0.010438,-0.001429
-0.003982,-0.009905,-0.000921
-0.002374,-0.009947,-0.001703
-0.002668,-0.009476,-0.001701
-0.002159,-0.009380,-0.001773
-0.002176,-0.008953,-0.001759
0.006288,-0.005259,0.002787
0.006114,-0.005111,0.003071
0.005919,-0.004786,0.002578
0.006114,-0.004893,0.002274
0.006803,-0.005421,0.001870
0.006682,-0.005281,0.001636
0.006420,-0.005054,0.001689
0.006251,-0.004946,0.001982
0.007200,-0.005670,0.001520
0.006286,-0.010047,-0.003124
0.006400,-0.008574,-0.003224
0.006452,-0.008044,-0.003085
0.006466,-0.007457,-0.002690
0.006233,-0.007320,-0.002884
0.007016,-0.005484,0.000291
0.006615,-0.005482,-0.000070
0.006325,-0.004956,0.000695
0.006671,-0.005162,0.000861
0.006935,-0.005478,0.001561
0.006754,-0.005234,0.001096
0.006012,-0.006182,-0.001243
0.006093,-0.005868,-0.000824
0.006306,-0.007248,-0.002671
0.005432,-0.006471,-0.001992
0.005972,-0.007112,-0.002828
0.005617,-0.006291,-0.001586
0.005402,-0.006346,-0.001752
0.001646,-0.005771,0.004794
0.002013,-0.005745,0.004404
0.000527,-0.005746,0.004686
0.006142,-0.005191,0.003138
0.006186,-0.005206,0.003062
0.005759,-0.004772,0.002886
0.005531,-0.004777,0.003001
0.005777,-0.004784,0.002881
0.005288,-0.004830,0.003065
0.005056,-0.004897,0.003160
0.003467,-0.005728,0.003123
0.003069,-0.005707,0.003515
0.003998,-0.005465,0.003137
0.004606,-0.005199,0.002618
0.004978,-0.004922,0.002940
0.001889,-0.005846,0.003963
-0.000982,-0.005781,0.004982
-0.000512,-0.005706,0.004800
0.000208,-0.005741,0.004548
-0.001734,-0.006215,0.005078
-0.001463,-0.005914,0.004926
-0.001300,-0.005793,0.004846
-0.001851,-0.005976,0.004789
-0.002152,-0.006042,0.004692
-0.004310,-0.009343,-0.000502
-0.004348,-0.008948,-0.000307
-0.004241,-0.008420,0.000065
-0.004001,-0.008064,0.000671
-0.003536,-0.007501,0.000656
-0.002846,-0.006395,0.001975
-0.002813,-0.006745,0.001269
-0.002326,-0.005922,0.004228
-0.002547,-0.006094,0.004338
-0.002939,-0.006203,0.003236
-0.002629,-0.006079,0.004113
-0.002936,-0.006265,0.002489
0.000920,-0.007548,-0.001945
0.001891,-0.007700,-0.002267
0.002133,-0.007735,-0.002347
0.002377,-0.007790,-0.002425
0.002838,-0.008257,-0.002709
-0.001657,-0.008838,-0.001798
-0.001112,-0.008708,-0.001764
-0.001325,-0.008179,-0.001531
-0.001226,-0.007759,-0.001197
-0.001347,-0.008358,-0.001617
-0.000978,-0.007660,-0.001244
0.000205,-0.007559,-0.001687
-0.000744,-0.007612,-0.001336
-0.000527,-0.007770,-0.001505
-0.000273,-0.007550,-0.001517
0.000729,-0.007220,-0.001683
0.000492,-0.007239,-0.001595
0.003726,-0.008815,-0.003316
0.004258,-0.009286,-0.003403
0.003267,-0.008291,-0.003020
0.005933,-0.009619,-0.003293
0.004712,-0.008790,-0.003570
-0.003150,-0.009480,-0.001544
-0.003807,-0.009439,-0.001117
-0.002422,-0.009147,-0.001720
-0.003160,-0.008929,-0.001495
-0.002910,-0.008456,-0.001481
-0.002660,-0.008368,-0.001522
-0.001911,-0.008683,-0.001734
0.005669,-0.004678,0.002649
0.006084,-0.004858,0.002279
0.005825,-0.004669,0.002338
0.005585,-0.004643,0.002420
0.006251,-0.004946,0.001982
0.005986,-0.004690,0.002032
0.006515,-0.005053,0.001402
0.006489,-0.004975,0.001145
0.006372,-0.005000,0.001696
0.006320,-0.004871,0.001439
0.006251,-0.004946,0.001982
0.005541,-0.008708,-0.003502
0.005807,-0.008175,-0.003436
0.006209,-0.007568,-0.003084
0.006127,-0.007864,-0.003253
0.006171,-0.007512,-0.003080
0.005902,-0.007217,-0.003036
0.006252,-0.005025,0.000482
0.006048,-0.005396,-0.000135
0.005863,-0.005130,0.000136
0.005932,-0.005018,0.000343
0.006404,-0.004934,0.000916
0.006075,-0.004837,0.000765
0.006002,-0.004917,0.000553
0.005286,-0.005767,-0.000804
0.005394,-0.006919,-0.002908
0.004835,-0.006905,-0.002962
0.004697,-0.006285,-0.001762
0.004870,-0.006436,-0.002049
0.004836,-0.006060,-0.001347
0.001408,-0.005799,0.004380
0.005519,-0.004760,0.002969
0.005433,-0.004707,0.002738
0.005463,-0.004785,0.002993
0.005207,-0.004835,0.002842
0.002964,-0.005937,0.003194
0.003632,-0.005794,0.002823
0.001676,-0.006128,0.003333
0.004494,-0.005589,0.001972
0.005132,-0.004881,0.002625
0.004628,-0.005450,0.001899
0.005138,-0.004979,0.001883
-0.000008,-0.006004,0.003915
-0.001070,-0.005708,0.004748
-0.000351,-0.005735,0.004495
-0.000913,-0.005706,0.004438
-0.001931,-0.005875,0.004582
-0.001386,-0.005747,0.004616
-0.002014,-0.005846,0.004354
-0.004189,-0.008958,-0.000615
-0.004291,-0.008812,-0.000352
-0.003963,-0.008023,0.000145
-0.003587,-0.007820,-0.000278
-0.004150,-0.008554,-0.000449
-0.003718,-0.008111,-0.000683
-0.003091,-0.007184,0.000439
-0.002518,-0.006515,0.001374
-0.002611,-0.006355,0.001885
-0.002631,-0.006127,0.002608
-0.002550,-0.007023,0.000467
-0.002351,-0.006604,0.001078
-0.002170,-0.005904,0.003916
-0.002635,-0.006060,0.003354
0.000942,-0.007211,-0.001762
0.002171,-0.007318,-0.002184
0.002415,-0.007370,-0.002261
0.003059,-0.008240,-0.002841
0.002877,-0.007718,-0.002525
-0.001881,-0.007378,-0.000718
-0.002068,-0.007917,-0.001312
-0.000690,-0.007354,-0.001150
0.000019,-0.007284,-0.001417
-0.000453,-0.007336,-0.001238
-0.000510,-0.007566,-0.001429
-0.000217,-0.007313,-0.001328
0.000733,-0.007207,-0.001670
0.000083,-0.007120,-0.001217
0.004437,-0.008502,-0.003542
0.003709,-0.008315,-0.003291
0.004182,-0.008318,-0.003476
0.003732,-0.007787,-0.003153
0.003320,-0.007673,-0.002784
0.005111,-0.008262,-0.003574
-0.003596,-0.009333,-0.001265
-0.004148,-0.008867,-0.000646
-0.003804,-0.008848,-0.001025
-0.003587,-0.008639,-0.001141
-0.003134,-0.008401,-0.001346
-0.002901,-0.008344,-0.001440
-0.002372,-0.008066,-0.001428
-0.002852,-0.008036,-0.001260
0.005353,-0.004717,0.002516
0.005740,-0.004620,0.002108
0.005506,-0.004664,0.002200
0.005278,-0.004775,0.002301
0.006152,-0.004774,0.001734
0.005900,-0.004638,0.001801
0.005661,-0.004638,0.001886
0.006232,-0.004794,0.001205
0.006151,-0.004798,0.000982
0.006065,-0.004708,0.001501
0.005985,-0.004714,0.001280
0.005844,-0.007432,-0.003229
0.005513,-0.008112,-0.003493
0.005670,-0.007678,-0.003375
0.005330,-0.007076,-0.003109
0.005485,-0.005350,-0.000193
0.005796,-0.005260,-0.000068
0.005620,-0.005095,0.000217
0.005552,-0.005217,0.000011
0.005690,-0.004992,0.000425
0.005833,-0.004814,0.000846
0.005761,-0.004894,0.000635
0.005249,-0.005377,-0.000104
0.004667,-0.005957,-0.001052
0.005021,-0.005484,-0.000003
0.004773,-0.007097,-0.003158
0.004360,-0.006934,-0.002786
0.004296,-0.006239,-0.001373
0.003616,-0.006627,-0.001817
0.004258,-0.006691,-0.002289
0.003728,-0.005973,0.002316
0.002889,-0.006346,0.002180
0.002488,-0.006310,0.002570
0.001778,-0.006370,0.002835
-0.000449,-0.006427,0.002635
0.003812,-0.006073,0.001042
0.003513,-0.006241,0.001684
0.003661,-0.006107,0.002112
0.005430,-0.004716,0.001983
0.005445,-0.004894,0.001253
0.005358,-0.004797,0.001772
-0.000542,-0.006271,0.003145
-0.001844,-0.005997,0.003311
-0.003365,-0.007757,-0.000402
-0.003255,-0.007804,-0.000653
-0.003986,-0.008613,-0.000750
-0.003546,-0.008250,-0.000973
-0.002767,-0.007260,-0.000169
-0.002043,-0.006484,0.001198
-0.002210,-0.006400,0.001495
-0.002242,-0.006022,0.002954
-0.002300,-0.006278,0.002011
-0.002113,-0.006585,0.000990
-0.002077,-0.006979,0.000290
-0.002148,-0.007066,0.000079
0.002473,-0.007154,-0.002069
0.001264,-0.007004,-0.001662
0.002903,-0.007480,-0.002417
-0.002254,-0.007645,-0.001041
-0.002496,-0.007610,-0.000961
-0.002668,-0.007469,-0.000671
-0.001034,-0.007076,-0.000571
-0.001202,-0.006983,-0.000276
0.001572,-0.006890,-0.001541
0.004680,-0.007790,-0.003517
0.004945,-0.008017,-0.003559
0.004184,-0.007805,-0.003397
0.003775,-0.007454,-0.002987
0.004193,-0.007664,-0.003352
0.003198,-0.007242,-0.002314
0.005231,-0.007736,-0.003474
-0.002420,-0.007856,-0.001196
-0.002968,-0.007658,-0.000782
-0.002800,-0.007864,-0.001093
0.005821,-0.004661,0.001581
0.005587,-0.004700,0.001672
0.005908,-0.004757,0.001062
0.005747,-0.004722,0.001366
0.005674,-0.004799,0.001153
0.005533,-0.007513,-0.003355
0.005273,-0.007308,-0.003299
0.005386,-0.005141,0.000309
0.005317,-0.005253,0.000101
0.005457,-0.005040,0.000518
0.005600,-0.004868,0.000940
0.005527,-0.004944,0.000727
0.004415,-0.005799,-0.000234
0.004039,-0.006030,-0.000562
0.002505,-0.006645,-0.001162
0.003204,-0.006380,0.000810
0.004037,-0.005973,0.000186
0.004971,-0.007480,-0.003412
0.004478,-0.007331,-0.003262
0.004273,-0.007228,-0.003068
0.003959,-0.006887,-0.002398
0.002360,-0.006806,-0.001586
0.002580,-0.006457,0.002058
0.001394,-0.006523,0.002495
-0.000953,-0.006347,0.002801
-0.001480,-0.006531,0.001257
-0.000853,-0.006292,0.003008
-0.000116,-0.006589,0.002040
-0.000591,-0.006646,0.001464
0.002506,-0.006552,0.001092
0.005515,-0.004789,0.001461
-0.000908,-0.006702,0.000578
-0.001296,-0.006823,0.000234
-0.002554,-0.007827,-0.001153
-0.002794,-0.007821,-0.001068
-0.000113,-0.006726,-0.000209
-0.000743,-0.006768,0.000278
0.000911,-0.006612,-0.000344
0.003886,-0.006081,-0.000245
0.003350,-0.006291,-0.000268
0.002268,-0.006597,0.000428
0.001468,-0.006601,-0.000294
0.002830,-0.006502,0.000714
0.001481,-0.006619,0.001977
0.002116,-0.006624,0.001497
-0.000579,-0.006671,0.001212
0.001006,-0.006673,0.001400
0.001455,-0.006684,0.000403
-0.000148,-0.006725,0.000814
0.001720,-0.006656,0.001141
0.001313,-0.006623,0.000019