-0.00088,-0.04459,0.00907
-0.00110,-0.04458,0.00895
-0.00121,-0.04526,0.00877
-0.00062,-0.04500,0.00909
-0.00119,-0.04363,0.00894
-0.00033,-0.04463,0.00922
-0.00058,-0.04414,0.00921
-0.00085,-0.04222,0.00907
-0.00146,-0.04409,0.00874
-0.00068,-0.04556,0.00889
-0.00136,-0.04552,0.00859
-0.00151,-0.04507,0.00860
-0.00038,-0.04525,0.00905
-0.00176,-0.04360,0.00838
-0.00171,-0.04265,0.00856
-0.00180,-0.04313,0.00838
-0.00141,-0.04219,0.00884
-0.00006,-0.04417,0.00928
-0.00012,-0.04512,0.00909
-0.00009,-0.04465,0.00919
-0.00006,-0.04370,0.00928
-0.00032,-0.04321,0.00922
-0.00059,-0.04129,0.00906
-0.00088,-0.04175,0.00903
-0.00176,-0.04408,0.00839
-0.00079,-0.04627,0.00850
-0.00044,-0.04569,0.00886
-0.00139,-0.04600,0.00839
-0.00156,-0.04562,0.00841
-0.00186,-0.04528,0.00823
-0.00201,-0.04549,0.00805
-0.00015,-0.04534,0.00901
-0.00241,-0.04408,0.00695
-0.00209,-0.04216,0.00818
-0.00159,-0.04170,0.00872
-0.00225,-0.04312,0.00756
-0.00266,-0.04119,0.00757
-0.00113,-0.04126,0.00893
0.00015,-0.04466,0.00914
0.00019,-0.04371,0.00925
0.00039,-0.04449,0.00909
0.00056,-0.04518,0.00880
0.00117,-0.04331,0.00910
0.00044,-0.04136,0.00912
-0.00060,-0.04034,0.00897
-0.00102,-0.03937,0.00874
-0.00190,-0.04455,0.00821
-0.00216,-0.04455,0.00759
-0.00085,-0.04652,0.00829
-0.00055,-0.04634,0.00845
-0.00109,-0.04639,0.00834
-0.00002,-0.04609,0.00856
-0.00168,-0.04646,0.00801
-0.00192,-0.04590,0.00804
-0.00206,-0.04597,0.00785
-0.00218,-0.04597,0.00765
-0.00213,-0.04502,0.00783
-0.00252,-0.04503,0.00656
-0.00283,-0.04302,0.00633
-0.00256,-0.04263,0.00716
-0.00287,-0.04360,0.00590
-0.00218,-0.04168,0.00817
-0.00172,-0.04122,0.00858
-0.00315,-0.04166,0.00657
-0.00241,-0.04120,0.00789
-0.00234,-0.04073,0.00794
-0.00251,-0.04025,0.00773
-0.00279,-0.04083,0.00736
0.00067,-0.04375,0.00916
0.00112,-0.04619,0.00808
0.00143,-0.04573,0.00829
0.00141,-0.04350,0.00907
0.00223,-0.04244,0.00926
0.00146,-0.04143,0.00917
0.00122,-0.04047,0.00918
0.00095,-0.04092,0.00914
0.00063,-0.04043,0.00912
0.00020,-0.03992,0.00912
-0.00072,-0.03891,0.00889
-0.00188,-0.03980,0.00826
-0.00153,-0.03649,0.00852
-0.00200,-0.03790,0.00799
-0.00217,-0.03552,0.00794
-0.00213,-0.03884,0.00789
-0.00085,-0.04652,0.00829
-0.00085,-0.04652,0.00829
-0.00018,-0.04690,0.00795
-0.00060,-0.04654,0.00829
0.00017,-0.04643,0.00831
-0.00114,-0.04667,0.00814
-0.00144,-0.04672,0.00797
-0.00173,-0.04671,0.00781
-0.00203,-0.04653,0.00764
-0.00236,-0.04645,0.00703
-0.00272,-0.04597,0.00619
-0.00260,-0.04631,0.00640
-0.00305,-0.04455,0.00553
-0.00283,-0.04550,0.00597
-0.00293,-0.04312,0.00594
-0.00304,-0.04407,0.00555
-0.00300,-0.04345,0.00570
-0.00218,-0.04073,0.00813
-0.00207,-0.04026,0.00817
-0.00328,-0.04118,0.00635
-0.00295,-0.04071,0.00717
-0.00289,-0.03976,0.00712
-0.00246,-0.03930,0.00761
0.00134,-0.04428,0.00885
0.00164,-0.04383,0.00903
0.00024,-0.04701,0.00764
0.00107,-0.04647,0.00790
0.00160,-0.04623,0.00797
0.00136,-0.04617,0.00805
0.00184,-0.04625,0.00796
0.00172,-0.04540,0.00840
0.00180,-0.04480,0.00869
0.00242,-0.04292,0.00929
0.00192,-0.04384,0.00912
0.00223,-0.04196,0.00925
0.00299,-0.04249,0.00930
0.00300,-0.04107,0.00926
0.00141,-0.04048,0.00919
0.00241,-0.04150,0.00924
0.00199,-0.04099,0.00925
0.00150,-0.04001,0.00926
0.00091,-0.03902,0.00923
0.00048,-0.03994,0.00913
0.00047,-0.03946,0.00916
-0.00047,-0.03798,0.00903
-0.00099,-0.03652,0.00886
-0.00140,-0.03603,0.00863
-0.00229,-0.03646,0.00777
-0.00264,-0.03788,0.00722
-0.00250,-0.03836,0.00740
-0.00238,-0.03503,0.00771
-0.00283,-0.03550,0.00695
-0.00282,-0.03597,0.00697
-0.00162,-0.03459,0.00847
-0.00138,-0.03508,0.00865
-0.00061,-0.04661,0.00825
-0.00090,-0.04678,0.00809
-0.00001,-0.04707,0.00765
-0.00120,-0.04685,0.00793
-0.00149,-0.04688,0.00777
-0.00179,-0.04688,0.00760
-0.00208,-0.04672,0.00743
-0.00231,-0.04698,0.00659
-0.00264,-0.04646,0.00619
-0.00225,-0.04694,0.00680
-0.00206,-0.04694,0.00721
-0.00281,-0.04598,0.00598
-0.00269,-0.04646,0.00597
-0.00295,-0.04550,0.00577
-0.00322,-0.04501,0.00535
-0.00332,-0.04501,0.00515
-0.00293,-0.04597,0.00578
-0.00341,-0.04263,0.00531
-0.00354,-0.04311,0.00490
-0.00324,-0.04246,0.00571
-0.00346,-0.04397,0.00491
-0.00351,-0.04119,0.00550
-0.00306,-0.04023,0.00695
-0.00335,-0.04024,0.00611
-0.00343,-0.04071,0.00587
-0.00281,-0.03929,0.00709
-0.00306,-0.03883,0.00622
0.00036,-0.04711,0.00739
0.00101,-0.04665,0.00769
0.00125,-0.04663,0.00764
0.00149,-0.04662,0.00759
0.00211,-0.04626,0.00800
0.00200,-0.04529,0.00851
0.00242,-0.04445,0.00912
0.00274,-0.04342,0.00936
0.00274,-0.04389,0.00936
0.00275,-0.04105,0.00927
0.00323,-0.04393,0.00932
0.00369,-0.04397,0.00914
0.00373,-0.04160,0.00919
0.00349,-0.04110,0.00921
0.00324,-0.04014,0.00918
0.00250,-0.04056,0.00928
0.00226,-0.04006,0.00929
0.00102,-0.03855,0.00931
-0.00027,-0.03751,0.00913
0.00002,-0.03658,0.00926
-0.00081,-0.03606,0.00896
-0.00108,-0.03539,0.00884
-0.00282,-0.03788,0.00681
-0.00301,-0.03454,0.00673
-0.00236,-0.03408,0.00775
-0.00301,-0.03169,0.00685
-0.00297,-0.03312,0.00690
-0.00294,-0.03597,0.00677
-0.00137,-0.03460,0.00864
-0.00202,-0.03399,0.00808
-0.00137,-0.03458,0.00864
-0.00168,-0.03364,0.00839
-0.00011,-0.04736,0.00727
-0.00131,-0.04714,0.00751
-0.00190,-0.04713,0.00718
-0.00161,-0.04718,0.00735
-0.00192,-0.04695,0.00741
-0.00242,-0.04692,0.00616
-0.00212,-0.04722,0.00633
-0.00206,-0.04722,0.00655
-0.00201,-0.04720,0.00676
-0.00225,-0.04695,0.00680
-0.00238,-0.04695,0.00615
-0.00247,-0.04685,0.00594
-0.00196,-0.04717,0.00697
-0.00275,-0.04646,0.00576
-0.00252,-0.04680,0.00573
-0.00303,-0.04597,0.00558
-0.00309,-0.04549,0.00557
-0.00321,-0.04549,0.00537
-0.00328,-0.04549,0.00516
-0.00329,-0.04550,0.00494
-0.00338,-0.04502,0.00494
-0.00282,-0.04645,0.00555
-0.00357,-0.04215,0.00510
-0.00356,-0.04359,0.00470
-0.00367,-0.04216,0.00444
-0.00347,-0.04454,0.00471
-0.00351,-0.04407,0.00470
-0.00357,-0.04120,0.00506
-0.00348,-0.04072,0.00548
-0.00341,-0.04025,0.00567
-0.00322,-0.03930,0.00582
-0.00308,-0.03836,0.00598
0.00026,-0.04740,0.00675
0.00114,-0.04689,0.00722
0.00168,-0.04673,0.00735
0.00121,-0.04702,0.00654
0.00193,-0.04675,0.00735
0.00221,-0.04674,0.00745
0.00227,-0.04665,0.00766
0.00244,-0.04628,0.00806
0.00290,-0.04515,0.00905
0.00267,-0.04621,0.00823
0.00273,-0.04600,0.00844
0.00276,-0.04437,0.00927
0.00295,-0.04465,0.00924
0.00299,-0.04391,0.00937
0.00298,-0.04439,0.00932
0.00322,-0.04440,0.00930
0.00346,-0.04442,0.00923
0.00393,-0.04351,0.00906
0.00375,-0.04445,0.00907
0.00391,-0.04399,0.00902
0.00391,-0.04399,0.00902
0.00418,-0.04211,0.00902
0.00396,-0.04161,0.00911
0.00417,-0.04021,0.00887
0.00277,-0.03915,0.00926
0.00370,-0.03828,0.00891
0.00203,-0.03910,0.00934
0.00155,-0.03811,0.00940
0.00108,-0.03760,0.00937
0.00080,-0.03711,0.00938
-0.00075,-0.03559,0.00900
0.00006,-0.03516,0.00932
-0.00080,-0.03511,0.00899
0.00160,-0.03526,0.00946
-0.00295,-0.03694,0.00658
-0.00307,-0.03789,0.00596
-0.00304,-0.03551,0.00610
-0.00303,-0.03599,0.00611
-0.00315,-0.03407,0.00652
-0.00315,-0.03455,0.00631
-0.00168,-0.03222,0.00834
-0.00270,-0.03028,0.00724
-0.00325,-0.03264,0.00648
-0.00312,-0.03174,0.00665
-0.00313,-0.03217,0.00662
-0.00332,-0.03026,0.00641
-0.00328,-0.03121,0.00644
-0.00300,-0.03645,0.00657
-0.00141,-0.03270,0.00858
-0.00020,-0.03372,0.00924
-0.00076,-0.04752,0.00674
-0.00041,-0.04756,0.00644
-0.00166,-0.04725,0.00714
-0.00183,-0.04732,0.00650
-0.00157,-0.04743,0.00555
-0.00140,-0.04748,0.00619
-0.00186,-0.04728,0.00538
-0.00235,-0.04696,0.00592
-0.00177,-0.04730,0.00671
-0.00172,-0.04728,0.00693
-0.00282,-0.04647,0.00532
-0.00192,-0.04719,0.00517
-0.00287,-0.04641,0.00533
-0.00311,-0.04597,0.00537
-0.00311,-0.04596,0.00537
-0.00317,-0.04586,0.00515
-0.00322,-0.04566,0.00493
-0.00339,-0.04502,0.00471
-0.00314,-0.04552,0.00446
-0.00364,-0.04168,0.00464
-0.00362,-0.04168,0.00487
-0.00356,-0.04360,0.00447
-0.00358,-0.04170,0.00433
-0.00358,-0.04218,0.00420
-0.00362,-0.04169,0.00441
-0.00345,-0.04455,0.00448
-0.00357,-0.04121,0.00484
-0.00340,-0.04064,0.00501
-0.00339,-0.04025,0.00544
-0.00329,-0.04027,0.00519
-0.00308,-0.03885,0.00555
-0.00323,-0.03951,0.00560
-0.00326,-0.03979,0.00550
-0.00309,-0.03837,0.00576
0.00063,-0.04720,0.00622
0.00028,-0.04731,0.00584
-0.00010,-0.04751,0.00638
0.00180,-0.04689,0.00686
0.00145,-0.04695,0.00649
0.00105,-0.04696,0.00590
0.00199,-0.04691,0.00660
0.00287,-0.04712,0.00710
0.00337,-0.04734,0.00611
0.00301,-0.04681,0.00774
0.00319,-0.04488,0.00920
0.00313,-0.04536,0.00901
0.00345,-0.04646,0.00831
0.00332,-0.04683,0.00785
0.00350,-0.04622,0.00851
0.00343,-0.04493,0.00915
0.00348,-0.04490,0.00914
0.00405,-0.04352,0.00898
0.00429,-0.04259,0.00889
0.00390,-0.04446,0.00899
0.00391,-0.04399,0.00902
0.00462,-0.04120,0.00870
0.00440,-0.04109,0.00882
0.00484,-0.04170,0.00852
0.00479,-0.04074,0.00850
0.00255,-0.03771,0.00931
0.00230,-0.03770,0.00935
0.00456,-0.03836,0.00834
0.00369,-0.03781,0.00888
0.00348,-0.03731,0.00899
0.00207,-0.03720,0.00939
0.00111,-0.03428,0.00946
0.00034,-0.03423,0.00939
0.00316,-0.03586,0.00911
0.00117,-0.03381,0.00944
0.00282,-0.03441,0.00926
0.00259,-0.03392,0.00932
0.00236,-0.03247,0.00933
0.00305,-0.03490,0.00918
-0.00302,-0.03694,0.00592
-0.00300,-0.03743,0.00571
-0.00302,-0.03505,0.00585
-0.00315,-0.03456,0.00608
-0.00331,-0.03311,0.00629
-0.00327,-0.03360,0.00607
-0.00139,-0.03081,0.00851
-0.00059,-0.03132,0.00904
-0.00088,-0.03083,0.00886
-0.00046,-0.03181,0.00912
-0.00131,-0.02797,0.00839
-0.00240,-0.02792,0.00749
-0.00307,-0.02979,0.00674
-0.00112,-0.02987,0.00864
-0.00332,-0.03264,0.00627
-0.00333,-0.03217,0.00603
-0.00345,-0.03074,0.00600
-0.00341,-0.03121,0.00602
-0.00341,-0.02979,0.00619
-0.00335,-0.03170,0.00602
0.00035,-0.03280,0.00937
0.00009,-0.03184,0.00930
-0.00019,-0.03148,0.00919
-0.00105,-0.04750,0.00657
-0.00056,-0.04749,0.00557
-0.00051,-0.04756,0.00601
-0.00126,-0.04752,0.00578
-0.00162,-0.04737,0.00534
-0.00114,-0.04741,0.00524
-0.00127,-0.04751,0.00572
-0.00293,-0.04631,0.00512
-0.00173,-0.04713,0.00490
-0.00197,-0.04702,0.00494
-0.00280,-0.04626,0.00464
-0.00307,-0.04599,0.00491
-0.00293,-0.04555,0.00410
-0.00304,-0.04507,0.00397
-0.00352,-0.04122,0.00455
-0.00339,-0.04421,0.00423
-0.00354,-0.04313,0.00423
-0.00341,-0.04172,0.00403
-0.00332,-0.04096,0.00433
-0.00329,-0.04125,0.00411
-0.00343,-0.04267,0.00400
-0.00330,-0.04076,0.00454
-0.00316,-0.04031,0.00494
-0.00299,-0.03982,0.00512
-0.00304,-0.03933,0.00534
-0.00301,-0.03886,0.00544
-0.00299,-0.03838,0.00551
-0.00293,-0.03791,0.00549
-0.00037,-0.04736,0.00530
0.00117,-0.04675,0.00564
0.00033,-0.04716,0.00560
0.00181,-0.04678,0.00589
0.00212,-0.04691,0.00612
0.00134,-0.04691,0.00606
0.00126,-0.04675,0.00572
0.00254,-0.04695,0.00581
0.00396,-0.04758,0.00644
0.00401,-0.04758,0.00666
0.00341,-0.04724,0.00722
0.00390,-0.04755,0.00623
0.00297,-0.04706,0.00550
0.00350,-0.04729,0.00563
0.00314,-0.04536,0.00901
0.00337,-0.04552,0.00896
0.00374,-0.04625,0.00847
0.00387,-0.04673,0.00801
0.00400,-0.04718,0.00755
0.00383,-0.04686,0.00788
0.00380,-0.04589,0.00869
0.00361,-0.04556,0.00892
0.00363,-0.04539,0.00898
0.00473,-0.04502,0.00832
0.00454,-0.04452,0.00855
0.00386,-0.04541,0.00887
0.00407,-0.04543,0.00874
0.00414,-0.04353,0.00892
0.00468,-0.04263,0.00859
0.00433,-0.04439,0.00873
0.00482,-0.04122,0.00852
0.00482,-0.04105,0.00850
0.00534,-0.04175,0.00797
0.00503,-0.04077,0.00832
0.00326,-0.03634,0.00908
0.00348,-0.03684,0.00898
0.00517,-0.03842,0.00777
0.00474,-0.03696,0.00802
0.00112,-0.03333,0.00944
0.00382,-0.03544,0.00873
0.00328,-0.03445,0.00903
0.00305,-0.03253,0.00909
0.00370,-0.03212,0.00863
0.00138,-0.03240,0.00945
0.00212,-0.03198,0.00936
0.00282,-0.03109,0.00911
-0.00289,-0.03601,0.00563
-0.00274,-0.03680,0.00541
-0.00285,-0.03459,0.00557
-0.00309,-0.03456,0.00594
-0.00320,-0.03361,0.00583
-0.00332,-0.03312,0.00607
-0.00326,-0.03313,0.00583
-0.00105,-0.03035,0.00872
-0.00019,-0.03087,0.00916
-0.00016,-0.02993,0.00912
-0.00169,-0.02700,0.00804
-0.00076,-0.02895,0.00881
-0.00098,-0.02657,0.00850
-0.00275,-0.02743,0.00709
-0.00321,-0.02884,0.00656
-0.00053,-0.02943,0.00896
-0.00329,-0.03218,0.00580
-0.00337,-0.03123,0.00567
-0.00342,-0.03076,0.00555
-0.00350,-0.03027,0.00577
-0.00340,-0.02789,0.00612
0.00087,-0.03236,0.00942
0.00062,-0.03187,0.00940
-0.00019,-0.03123,0.00918
-0.00018,-0.03087,0.00916
-0.00075,-0.04755,0.00578
-0.00080,-0.04752,0.00562
-0.00103,-0.04753,0.00567
-0.00131,-0.04697,0.00458
-0.00101,-0.04709,0.00475
-0.00232,-0.04661,0.00455
-0.00184,-0.04676,0.00446
-0.00262,-0.04627,0.00438
-0.00272,-0.04557,0.00393
-0.00293,-0.04461,0.00370
-0.00278,-0.04492,0.00368
-0.00328,-0.04410,0.00398
-0.00323,-0.04269,0.00380
-0.00310,-0.04318,0.00369
-0.00320,-0.04165,0.00388
-0.00316,-0.04127,0.00398
-0.00314,-0.04108,0.00407
-0.00308,-0.04083,0.00427
-0.00307,-0.04079,0.00431
-0.00327,-0.04072,0.00453
-0.00297,-0.04038,0.00468
-0.00266,-0.03985,0.00488
-0.00284,-0.03935,0.00514
-0.00280,-0.03840,0.00527
-0.00280,-0.03856,0.00526
-0.00279,-0.03793,0.00530
-0.00255,-0.03747,0.00520
-0.00078,-0.04704,0.00470
-0.00024,-0.04698,0.00481
0.00005,-0.04698,0.00498
0.00118,-0.04663,0.00541
0.00123,-0.04671,0.00562
0.00195,-0.04664,0.00547
0.00243,-0.04669,0.00538
0.00425,-0.04759,0.00661
0.00420,-0.04761,0.00639
0.00418,-0.04734,0.00729
0.00392,-0.04728,0.00532
0.00297,-0.04688,0.00527
0.00422,-0.04612,0.00836
0.00429,-0.04703,0.00771
0.00459,-0.04672,0.00786
0.00448,-0.04720,0.00745
0.00404,-0.04584,0.00861
0.00385,-0.04545,0.00886
0.00455,-0.04405,0.00855
0.00470,-0.04564,0.00825
0.00500,-0.04505,0.00794
0.00428,-0.04561,0.00856
0.00444,-0.04356,0.00867
0.00473,-0.04359,0.00829
0.00563,-0.04272,0.00682
0.00574,-0.04132,0.00742
0.00560,-0.04130,0.00765
0.00561,-0.04074,0.00765
0.00541,-0.03986,0.00780
0.00533,-0.03797,0.00740
0.00524,-0.03701,0.00737
0.00472,-0.03490,0.00785
0.00392,-0.03451,0.00863
0.00449,-0.03456,0.00811
0.00417,-0.03358,0.00836
0.00416,-0.03311,0.00835
0.00453,-0.03314,0.00801
0.00431,-0.03123,0.00804
0.00348,-0.03068,0.00870
0.00188,-0.03054,0.00933
0.00113,-0.03049,0.00937
0.00259,-0.03060,0.00916
-0.00258,-0.03557,0.00533
-0.00231,-0.03702,0.00513
-0.00292,-0.03411,0.00559
-0.00249,-0.03415,0.00528
-0.00228,-0.03465,0.00514
-0.00293,-0.03364,0.00553
-0.00314,-0.03315,0.00565
-0.00315,-0.03267,0.00560
0.00036,-0.02949,0.00926
0.00028,-0.02995,0.00926
-0.00218,-0.02651,0.00762
0.00062,-0.02856,0.00925
0.00008,-0.02757,0.00907
-0.00022,-0.02613,0.00883
-0.00147,-0.02607,0.00813
-0.00140,-0.02560,0.00813
-0.00292,-0.02695,0.00688
-0.00235,-0.02650,0.00743
-0.00310,-0.03268,0.00555
-0.00325,-0.03172,0.00555
-0.00321,-0.03121,0.00530
-0.00326,-0.03042,0.00506
-0.00349,-0.03028,0.00555
-0.00354,-0.02932,0.00552
-0.00347,-0.02742,0.00589
-0.00321,-0.02647,0.00648
-0.00359,-0.02742,0.00546
-0.00107,-0.04694,0.00453
-0.00112,-0.04664,0.00431
-0.00214,-0.04645,0.00428
-0.00201,-0.04574,0.00378
-0.00227,-0.04561,0.00375
-0.00254,-0.04512,0.00364
-0.00280,-0.04463,0.00360
-0.00302,-0.04428,0.00371
-0.00282,-0.04368,0.00348
-0.00303,-0.04271,0.00365
-0.00298,-0.04176,0.00373
-0.00301,-0.04266,0.00365
-0.00281,-0.04320,0.00348
-0.00294,-0.04128,0.00388
-0.00296,-0.04143,0.00382
-0.00290,-0.04103,0.00402
-0.00284,-0.04080,0.00425
-0.00303,-0.04056,0.00448
-0.00279,-0.04059,0.00443
-0.00273,-0.04031,0.00463
-0.00222,-0.03989,0.00466
-0.00231,-0.04054,0.00433
-0.00239,-0.03939,0.00492
-0.00260,-0.03890,0.00509
-0.00275,-0.03841,0.00524
-0.00256,-0.03787,0.00518
-0.00092,-0.03855,0.00475
-0.00035,-0.04653,0.00437
0.00072,-0.04614,0.00458
-0.00006,-0.04657,0.00453
0.00083,-0.04655,0.00503
0.00214,-0.04640,0.00520
0.00146,-0.04631,0.00511
0.00136,-0.04636,0.00513
0.00285,-0.04670,0.00506
0.00227,-0.04593,0.00471
0.00492,-0.04740,0.00624
0.00497,-0.04738,0.00645
0.00479,-0.04741,0.00672
0.00481,-0.04736,0.00581
0.00427,-0.04743,0.00570
0.00411,-0.04716,0.00505
0.00464,-0.04722,0.00517
0.00357,-0.04691,0.00492
0.00488,-0.04599,0.00799
0.00484,-0.04646,0.00786
0.00476,-0.04694,0.00756
0.00490,-0.04714,0.00713
0.00506,-0.04411,0.00760
0.00510,-0.04553,0.00782
0.00551,-0.04322,0.00686
0.00570,-0.04324,0.00615
0.00602,-0.04185,0.00633
0.00593,-0.04135,0.00694
0.00590,-0.04086,0.00715
0.00579,-0.04038,0.00733
0.00571,-0.03989,0.00738
0.00569,-0.03905,0.00690
0.00529,-0.03655,0.00719
0.00543,-0.03704,0.00688
0.00531,-0.03608,0.00710
0.00527,-0.03513,0.00707
0.00536,-0.03372,0.00678
0.00508,-0.03273,0.00725
0.00519,-0.03133,0.00695
0.00451,-0.03078,0.00780
0.00286,-0.02967,0.00894
0.00325,-0.02923,0.00872
0.00368,-0.03022,0.00850
0.00235,-0.02963,0.00917
0.00113,-0.03001,0.00935
-0.00183,-0.03516,0.00497
-0.00065,-0.03810,0.00477
-0.00160,-0.03660,0.00494
-0.00272,-0.03366,0.00537
-0.00211,-0.03371,0.00516
-0.00248,-0.03320,0.00528
-0.00203,-0.03372,0.00511
-0.00295,-0.03269,0.00541
-0.00272,-0.03318,0.00534
0.00087,-0.02905,0.00928
0.00109,-0.02954,0.00930
-0.00235,-0.02593,0.00741
0.00056,-0.02666,0.00908
0.00112,-0.02764,0.00919
0.00005,-0.02662,0.00896
0.00059,-0.02571,0.00902
0.00020,-0.02521,0.00888
-0.00235,-0.02555,0.00737
-0.00053,-0.02470,0.00856
-0.00111,-0.02447,0.00822
-0.00136,-0.02371,0.00802
-0.00274,-0.02601,0.00704
-0.00257,-0.02602,0.00723
-0.00236,-0.02603,0.00741
-0.00295,-0.03222,0.00536
-0.00318,-0.03173,0.00544
-0.00297,-0.03174,0.00527
-0.00305,-0.03080,0.00492
-0.00318,-0.02985,0.00479
-0.00347,-0.02839,0.00502
-0.00332,-0.02889,0.00476
-0.00357,-0.02790,0.00525
-0.00355,-0.02647,0.00565
-0.00320,-0.02315,0.00635
-0.00350,-0.02505,0.00581
-0.00289,-0.02269,0.00672
-0.00363,-0.02649,0.00499
-0.00041,-0.04620,0.00414
-0.00129,-0.04546,0.00362
-0.00038,-0.04574,0.00390
-0.00185,-0.04470,0.00336
-0.00131,-0.04521,0.00351
-0.00211,-0.04421,0.00331
-0.00259,-0.04417,0.00343
-0.00212,-0.04326,0.00324
-0.00234,-0.04277,0.00333
-0.00253,-0.04196,0.00353
-0.00248,-0.04143,0.00372
-0.00270,-0.04130,0.00383
-0.00201,-0.04014,0.00448
-0.00196,-0.03969,0.00468
-0.00183,-0.04058,0.00423
-0.00166,-0.03903,0.00481
0.00006,-0.03957,0.00465
-0.00045,-0.03954,0.00463
-0.00094,-0.03940,0.00468
-0.00142,-0.03899,0.00478
0.00037,-0.04577,0.00419
0.00125,-0.04594,0.00469
0.00160,-0.04627,0.00508
0.00007,-0.04569,0.00402
0.00179,-0.04595,0.00481
0.00352,-0.04674,0.00470
0.00347,-0.04647,0.00451
0.00346,-0.04643,0.00448
0.00197,-0.04560,0.00453
0.00312,-0.04541,0.00406
0.00521,-0.04723,0.00640
0.00516,-0.04729,0.00619
0.00527,-0.04708,0.00661
0.00534,-0.04713,0.00592
0.00518,-0.04699,0.00527
0.00537,-0.04704,0.00568
0.00457,-0.04701,0.00487
0.00424,-0.04678,0.00456
0.00453,-0.04692,0.00473
0.00512,-0.04693,0.00505
0.00507,-0.04620,0.00774
0.00522,-0.04650,0.00735
0.00514,-0.04690,0.00708
0.00538,-0.04539,0.00697
0.00556,-0.04467,0.00623
0.00556,-0.04419,0.00622
0.00526,-0.04603,0.00747
0.00561,-0.04372,0.00619
0.00602,-0.04282,0.00562
0.00590,-0.04280,0.00592
0.00566,-0.04373,0.00601
0.00569,-0.04373,0.00595
0.00618,-0.04153,0.00599
0.00629,-0.04094,0.00550
0.00606,-0.04020,0.00642
0.00594,-0.03947,0.00641
0.00553,-0.03766,0.00621
0.00540,-0.03609,0.00685
0.00549,-0.03612,0.00616
0.00551,-0.03564,0.00636
0.00552,-0.03517,0.00634
0.00541,-0.03467,0.00661
0.00552,-0.03422,0.00631
0.00536,-0.03324,0.00676
0.00507,-0.03084,0.00707
0.00545,-0.03183,0.00646
0.00541,-0.03088,0.00644
0.00477,-0.03033,0.00745
0.00449,-0.02983,0.00771
0.00232,-0.02774,0.00897
0.00345,-0.02831,0.00848
0.00429,-0.02933,0.00789
0.00413,-0.02884,0.00798
0.00373,-0.02833,0.00826
0.00186,-0.02865,0.00920
-0.00136,-0.03567,0.00486
-0.00159,-0.03470,0.00488
-0.00181,-0.03326,0.00494
-0.00112,-0.03664,0.00484
-0.00017,-0.03881,0.00472
-0.00040,-0.03764,0.00475
-0.00088,-0.03666,0.00480
-0.00112,-0.03616,0.00482
-0.00202,-0.03335,0.00513
-0.00202,-0.03324,0.00513
-0.00208,-0.03276,0.00512
-0.00225,-0.03227,0.00514
-0.00201,-0.03324,0.00513
-0.00273,-0.03224,0.00526
0.00160,-0.02768,0.00913
0.00137,-0.02861,0.00925
0.00209,-0.02724,0.00901
0.00135,-0.02529,0.00899
0.00109,-0.02480,0.00896
-0.00024,-0.02424,0.00867
0.00057,-0.02334,0.00882
0.00083,-0.02383,0.00889
-0.00236,-0.02366,0.00727
-0.00074,-0.02279,0.00831
-0.00204,-0.02272,0.00748
-0.00279,-0.03129,0.00497
-0.00285,-0.03035,0.00469
-0.00297,-0.03034,0.00477
-0.00310,-0.02985,0.00470
-0.00327,-0.02795,0.00452
-0.00350,-0.02782,0.00501
-0.00354,-0.02744,0.00500
-0.00320,-0.02843,0.00452
-0.00358,-0.02505,0.00560
-0.00372,-0.02315,0.00511
-0.00343,-0.02220,0.00592
-0.00269,-0.02222,0.00689
-0.00287,-0.02032,0.00663
-0.00351,-0.02697,0.00476
-0.00358,-0.02602,0.00474
-0.00368,-0.02532,0.00518
-0.00081,-0.04505,0.00351
-0.00106,-0.04523,0.00353
0.00003,-0.04529,0.00383
-0.00160,-0.04472,0.00336
-0.00113,-0.04333,0.00315
-0.00109,-0.04475,0.00338
-0.00134,-0.04476,0.00338
-0.00187,-0.04370,0.00323
-0.00161,-0.04235,0.00322
-0.00209,-0.04231,0.00331
-0.00180,-0.04185,0.00341
-0.00162,-0.04090,0.00408
-0.00147,-0.04042,0.00438
-0.00148,-0.03984,0.00458
0.00001,-0.04025,0.00451
0.00031,-0.04000,0.00467
0.00055,-0.04049,0.00464
0.00016,-0.03958,0.00468
0.00134,-0.04490,0.00419
0.00056,-0.04496,0.00390
0.00149,-0.04576,0.00464
0.00031,-0.04531,0.00393
0.00394,-0.04653,0.00438
0.00367,-0.04648,0.00444
0.00365,-0.04618,0.00421
0.00239,-0.04498,0.00417
0.00262,-0.04500,0.00409
0.00165,-0.04492,0.00423
0.00381,-0.04556,0.00383
0.00375,-0.04509,0.00370
0.00306,-0.04473,0.00382
0.00539,-0.04702,0.00635
0.00540,-0.04708,0.00613
0.00551,-0.04661,0.00654
0.00533,-0.04652,0.00702
0.00558,-0.04687,0.00586
0.00571,-0.04652,0.00537
0.00560,-0.04651,0.00494
0.00573,-0.04659,0.00559
0.00483,-0.04697,0.00489
0.00466,-0.04642,0.00423
0.00521,-0.04659,0.00458
0.00507,-0.04687,0.00484
0.00534,-0.04604,0.00723
0.00551,-0.04544,0.00650
0.00564,-0.04420,0.00597
0.00565,-0.04468,0.00602
0.00590,-0.04565,0.00575
0.00564,-0.04420,0.00597
0.00626,-0.04226,0.00533
0.00635,-0.04288,0.00421
0.00635,-0.04382,0.00469
0.00582,-0.04422,0.00571
0.00564,-0.04420,0.00597
0.00630,-0.04141,0.00574
0.00631,-0.04123,0.00550
0.00628,-0.04095,0.00527
0.00619,-0.04046,0.00550
0.00614,-0.04046,0.00529
0.00600,-0.03959,0.00618
0.00582,-0.03900,0.00575
0.00545,-0.03755,0.00577
0.00600,-0.03948,0.00595
0.00550,-0.03564,0.00614
0.00535,-0.03755,0.00557
0.00530,-0.03707,0.00556
0.00551,-0.03517,0.00612
0.00551,-0.03469,0.00633
0.00552,-0.03470,0.00610
0.00556,-0.03280,0.00625
0.00554,-0.03341,0.00605
0.00557,-0.03232,0.00623
0.00549,-0.02995,0.00616
0.00563,-0.03092,0.00572
0.00561,-0.03186,0.00598
0.00496,-0.02799,0.00688
0.00536,-0.02877,0.00615
0.00341,-0.02594,0.00824
0.00253,-0.02539,0.00870
0.00452,-0.02699,0.00738
-0.00137,-0.03283,0.00468
-0.00121,-0.03568,0.00483
-0.00089,-0.03476,0.00467
-0.00171,-0.03185,0.00479
-0.00203,-0.03229,0.00501
-0.00202,-0.03312,0.00512
0.00085,-0.03820,0.00474
0.00110,-0.03727,0.00466
0.00032,-0.03580,0.00454
-0.00112,-0.03616,0.00482
-0.00088,-0.03633,0.00478
-0.00112,-0.03616,0.00482
-0.00231,-0.03133,0.00490
-0.00255,-0.03140,0.00494
0.00181,-0.02391,0.00879
0.00029,-0.02238,0.00869
-0.00003,-0.02283,0.00861
0.00127,-0.02339,0.00882
0.00156,-0.02247,0.00870
-0.00100,-0.02183,0.00810
-0.00026,-0.02187,0.00846
-0.00180,-0.02131,0.00757
-0.00234,-0.03086,0.00473
-0.00236,-0.03041,0.00464
-0.00264,-0.02989,0.00454
-0.00289,-0.02940,0.00451
-0.00307,-0.02891,0.00451
-0.00316,-0.02796,0.00437
-0.00317,-0.02749,0.00430
-0.00337,-0.02716,0.00451
-0.00372,-0.02363,0.00490
-0.00374,-0.02268,0.00487
-0.00368,-0.02220,0.00529
-0.00366,-0.02125,0.00525
-0.00340,-0.02030,0.00584
-0.00199,-0.01988,0.00734
-0.00238,-0.01939,0.00700
-0.00318,-0.01936,0.00621
-0.00355,-0.02632,0.00474
-0.00337,-0.02699,0.00448
-0.00358,-0.02555,0.00461
-0.00364,-0.02460,0.00447
0.00023,-0.04484,0.00374
-0.00061,-0.04384,0.00326
-0.00061,-0.04290,0.00321
-0.00111,-0.04238,0.00320
-0.00134,-0.04209,0.00328
-0.00104,-0.04191,0.00344
-0.00092,-0.04143,0.00389
-0.00063,-0.04131,0.00401
-0.00033,-0.04099,0.00421
0.00049,-0.04095,0.00444
-0.00014,-0.04148,0.00398
0.00012,-0.04102,0.00429
0.00081,-0.04058,0.00469
0.00086,-0.04010,0.00478
0.00075,-0.04105,0.00448
0.00021,-0.04378,0.00348
0.00133,-0.04401,0.00393
0.00159,-0.04398,0.00395
0.00207,-0.04354,0.00385
0.00212,-0.04449,0.00406
0.00455,-0.04562,0.00378
0.00375,-0.04462,0.00353
0.00422,-0.04466,0.00343
0.00421,-0.04512,0.00360
0.00369,-0.04414,0.00345
0.00347,-0.04365,0.00342
0.00545,-0.04694,0.00634
0.00570,-0.04658,0.00605
0.00562,-0.04657,0.00629
0.00568,-0.04610,0.00621
0.00574,-0.04659,0.00581
0.00584,-0.04621,0.00488
0.00595,-0.04611,0.00530
0.00593,-0.04614,0.00553
0.00555,-0.04648,0.00473
0.00582,-0.04630,0.00579
0.00507,-0.04565,0.00381
0.00538,-0.04595,0.00407
0.00573,-0.04606,0.00445
0.00564,-0.04420,0.00597
0.00567,-0.04468,0.00599
0.00579,-0.04611,0.00601
0.00619,-0.04547,0.00523
0.00602,-0.04519,0.00553
0.00617,-0.04569,0.00516
0.00601,-0.04578,0.00551
0.00583,-0.04470,0.00573
0.00634,-0.04191,0.00507
0.00631,-0.04168,0.00552
0.00635,-0.04431,0.00426
0.00625,-0.04336,0.00402
0.00639,-0.04383,0.00446
0.00629,-0.04192,0.00463
0.00632,-0.04191,0.00485
0.00626,-0.04241,0.00398
0.00624,-0.04193,0.00419
0.00636,-0.04429,0.00486
0.00642,-0.04431,0.00447
0.00643,-0.04430,0.00469
0.00583,-0.04458,0.00573
0.00626,-0.04475,0.00519
0.00636,-0.04143,0.00528
0.00612,-0.04095,0.00486
0.00634,-0.04143,0.00505
0.00603,-0.04046,0.00508
0.00575,-0.03949,0.00533
0.00598,-0.03949,0.00573
0.00584,-0.03935,0.00553
0.00573,-0.03979,0.00512
0.00536,-0.03767,0.00557
0.00528,-0.03803,0.00537
0.00526,-0.03660,0.00555
0.00514,-0.03707,0.00537
0.00536,-0.03517,0.00570
0.00548,-0.03375,0.00585
0.00559,-0.03281,0.00602
0.00550,-0.03328,0.00583
0.00562,-0.03234,0.00600
0.00558,-0.02902,0.00566
0.00562,-0.03045,0.00548
0.00554,-0.02976,0.00592
0.00562,-0.03187,0.00576
0.00560,-0.03234,0.00578
0.00518,-0.02778,0.00637
0.00492,-0.02751,0.00686
0.00517,-0.02755,0.00636
0.00550,-0.02854,0.00569
0.00547,-0.02806,0.00565
0.00362,-0.02501,0.00801
0.00320,-0.02544,0.00836
0.00252,-0.02458,0.00860
0.00483,-0.02655,0.00691
0.00464,-0.02653,0.00717
0.00505,-0.02705,0.00660
0.00424,-0.02554,0.00752
0.00006,-0.03436,0.00443
-0.00161,-0.03139,0.00468
-0.00091,-0.03097,0.00442
-0.00019,-0.03245,0.00434
-0.00112,-0.03569,0.00480
-0.00183,-0.03132,0.00479
-0.00207,-0.03124,0.00484
0.00261,-0.03880,0.00474
0.00187,-0.03875,0.00478
0.00165,-0.03873,0.00480
0.00162,-0.03873,0.00479
0.00136,-0.03919,0.00479
0.00236,-0.03642,0.00462
0.00262,-0.03691,0.00467
0.00288,-0.03740,0.00474
0.00287,-0.03855,0.00476
0.00158,-0.03636,0.00455
0.00109,-0.03678,0.00462
0.00108,-0.03633,0.00455
-0.00088,-0.03618,0.00477
0.00056,-0.03490,0.00443
0.00273,-0.02304,0.00838
0.00203,-0.02251,0.00860
0.00080,-0.02099,0.00863
0.00154,-0.02057,0.00855
-0.00028,-0.02092,0.00836
-0.00085,-0.02042,0.00806
0.00019,-0.02048,0.00848
-0.00211,-0.03040,0.00464
-0.00244,-0.02802,0.00422
-0.00270,-0.02800,0.00421
-0.00293,-0.02845,0.00431
-0.00294,-0.02798,0.00425
-0.00303,-0.02750,0.00423
-0.00318,-0.02702,0.00424
-0.00373,-0.02317,0.00444
-0.00373,-0.02303,0.00488
-0.00373,-0.02221,0.00483
-0.00373,-0.02270,0.00442
-0.00368,-0.02031,0.00500
-0.00367,-0.02082,0.00405
-0.00361,-0.02130,0.00390
-0.00348,-0.01983,0.00562
-0.00179,-0.01800,0.00728
-0.00272,-0.01843,0.00660
-0.00316,-0.01889,0.00619
-0.00357,-0.01888,0.00537
-0.00342,-0.02557,0.00422
-0.00321,-0.02607,0.00407
-0.00347,-0.02415,0.00397
-0.00363,-0.02413,0.00433
-0.00007,-0.04293,0.00332
-0.00038,-0.04243,0.00333
-0.00056,-0.04220,0.00335
-0.00051,-0.04194,0.00356
0.00056,-0.04196,0.00379
-0.00003,-0.04222,0.00347
-0.00027,-0.04204,0.00351
0.00103,-0.04108,0.00456
0.00108,-0.04062,0.00476
0.00134,-0.04061,0.00478
0.00162,-0.04015,0.00486
0.00160,-0.03968,0.00484
0.00118,-0.04157,0.00422
0.00047,-0.04344,0.00351
0.00104,-0.04347,0.00376
0.00158,-0.04350,0.00388
0.00207,-0.04307,0.00380
0.00301,-0.04336,0.00356
0.00397,-0.04426,0.00340
0.00498,-0.04457,0.00342
0.00445,-0.04420,0.00332
0.00495,-0.04329,0.00325
0.00445,-0.04302,0.00325
0.00323,-0.04316,0.00343
0.00421,-0.04272,0.00329
0.00614,-0.04583,0.00503
0.00610,-0.04570,0.00458
0.00619,-0.04570,0.00479
0.00525,-0.04473,0.00349
0.00563,-0.04569,0.00405
0.00562,-0.04564,0.00400
0.00625,-0.04522,0.00521
0.00621,-0.04570,0.00501
0.00624,-0.04430,0.00406
0.00640,-0.04478,0.00449
0.00611,-0.04288,0.00383
0.00611,-0.04383,0.00385
0.00621,-0.04144,0.00463
0.00611,-0.04144,0.00443
0.00611,-0.04241,0.00382
0.00616,-0.04189,0.00398
0.00595,-0.04144,0.00409
0.00643,-0.04477,0.00471
0.00637,-0.04476,0.00493
0.00634,-0.04523,0.00497
0.00609,-0.04115,0.00464
0.00591,-0.04054,0.00489
0.00580,-0.04098,0.00447
0.00569,-0.03997,0.00500
0.00519,-0.03933,0.00499
0.00527,-0.03850,0.00525
0.00543,-0.03970,0.00495
0.00503,-0.03801,0.00520
0.00503,-0.03611,0.00536
0.00510,-0.03469,0.00540
0.00477,-0.03633,0.00519
0.00538,-0.03328,0.00563
0.00556,-0.03281,0.00580
0.00543,-0.03283,0.00560
0.00556,-0.02903,0.00521
0.00551,-0.03140,0.00531
0.00555,-0.03093,0.00528
0.00551,-0.03234,0.00557
0.00530,-0.02662,0.00585
0.00547,-0.02760,0.00540
0.00379,-0.02280,0.00760
0.00317,-0.02307,0.00813
0.00467,-0.02606,0.00709
0.00513,-0.02612,0.00632
0.00461,-0.02511,0.00707
0.00177,-0.03259,0.00413
-0.00186,-0.03042,0.00463
-0.00020,-0.03102,0.00425
-0.00188,-0.02947,0.00452
-0.00167,-0.02807,0.00430
0.00150,-0.03210,0.00404
0.00125,-0.03161,0.00402
0.00187,-0.03922,0.00480
0.00284,-0.03977,0.00468
0.00162,-0.03921,0.00482
0.00162,-0.03921,0.00482
0.00162,-0.03921,0.00482
0.00222,-0.03593,0.00458
0.00235,-0.03594,0.00458
0.00287,-0.03645,0.00467
0.00260,-0.03549,0.00453
0.00288,-0.03671,0.00470
0.00313,-0.03647,0.00468
0.00366,-0.03698,0.00481
0.00355,-0.03744,0.00481
0.00365,-0.03840,0.00482
0.00081,-0.03489,0.00441
0.00153,-0.03352,0.00423
0.00125,-0.03634,0.00457
0.00208,-0.03545,0.00449
0.00053,-0.02003,0.00852
0.00127,-0.01963,0.00845
0.00293,-0.02116,0.00808
0.00201,-0.02014,0.00838
0.00176,-0.01964,0.00838
-0.00086,-0.01985,0.00800
-0.00217,-0.02803,0.00430
-0.00194,-0.02710,0.00421
-0.00245,-0.02754,0.00415
-0.00271,-0.02766,0.00417
-0.00295,-0.02774,0.00422
-0.00295,-0.02751,0.00417
-0.00297,-0.02704,0.00409
-0.00351,-0.02179,0.00371
-0.00352,-0.02368,0.00396
-0.00349,-0.02321,0.00385
-0.00377,-0.01905,0.00452
-0.00373,-0.02033,0.00411
-0.00368,-0.02034,0.00396
-0.00347,-0.02179,0.00366
-0.00332,-0.02133,0.00344
-0.00352,-0.02084,0.00362
-0.00148,-0.01802,0.00748
-0.00231,-0.01750,0.00687
-0.00151,-0.01660,0.00732
-0.00341,-0.01699,0.00572
-0.00392,-0.01794,0.00429
-0.00393,-0.01650,0.00469
-0.00329,-0.02511,0.00397
-0.00323,-0.02559,0.00400
-0.00299,-0.02609,0.00398
-0.00348,-0.02368,0.00391
-0.00326,-0.02465,0.00383
-0.00327,-0.02417,0.00378
-0.00328,-0.02370,0.00374
-0.00005,-0.04245,0.00338
0.00022,-0.04247,0.00347
0.00131,-0.04301,0.00380
0.00051,-0.04242,0.00359
0.00135,-0.04254,0.00387
0.00102,-0.04204,0.00392
0.00145,-0.04153,0.00426
0.00128,-0.04109,0.00458
0.00180,-0.04101,0.00462
0.00209,-0.04067,0.00475
0.00307,-0.04027,0.00461
0.00233,-0.04059,0.00472
0.00162,-0.03968,0.00484
0.00154,-0.04303,0.00385
0.00208,-0.04259,0.00382
0.00278,-0.04265,0.00360
0.00515,-0.04425,0.00338
0.00522,-0.04378,0.00333
0.00516,-0.04283,0.00332
0.00349,-0.04242,0.00343
0.00373,-0.04247,0.00338
0.00326,-0.04221,0.00351
0.00475,-0.04202,0.00338
0.00427,-0.04176,0.00347
0.00632,-0.04535,0.00475
0.00583,-0.04523,0.00395
0.00630,-0.04525,0.00453
0.00545,-0.04474,0.00356
0.00579,-0.04429,0.00362
0.00621,-0.04508,0.00431
0.00565,-0.04333,0.00347
0.00579,-0.04239,0.00355
0.00549,-0.04380,0.00340
0.00604,-0.04129,0.00444
0.00581,-0.04192,0.00360
0.00604,-0.04193,0.00378
0.00591,-0.04144,0.00402
0.00587,-0.04155,0.00380
0.00574,-0.04114,0.00427
0.00636,-0.04524,0.00474
0.00635,-0.04524,0.00485
0.00543,-0.04092,0.00432
0.00502,-0.04056,0.00439
0.00537,-0.04017,0.00476
0.00518,-0.03946,0.00494
0.00466,-0.03929,0.00487
0.00498,-0.03849,0.00509
0.00472,-0.03831,0.00505
0.00497,-0.03421,0.00530
0.00400,-0.03558,0.00487
0.00421,-0.03606,0.00494
0.00448,-0.03703,0.00505
0.00512,-0.03374,0.00543
0.00494,-0.03326,0.00527
0.00528,-0.03186,0.00515
0.00551,-0.02903,0.00500
0.00542,-0.02809,0.00476
0.00537,-0.03139,0.00511
0.00540,-0.02522,0.00533
0.00510,-0.02517,0.00629
0.00542,-0.02572,0.00445
0.00532,-0.02761,0.00454
0.00400,-0.02221,0.00739
0.00480,-0.02419,0.00670
0.00460,-0.02322,0.00686
0.00182,-0.03165,0.00405
0.00309,-0.03173,0.00432
0.00204,-0.03356,0.00425
0.00075,-0.03062,0.00402
-0.00068,-0.02962,0.00427
-0.00120,-0.02716,0.00410
-0.00096,-0.02718,0.00405
-0.00192,-0.02758,0.00427
-0.00045,-0.02959,0.00420
-0.00072,-0.02720,0.00400
-0.00169,-0.02673,0.00415
0.00124,-0.03019,0.00392
0.00359,-0.03964,0.00466
0.00234,-0.03547,0.00453
0.00234,-0.03547,0.00453
0.00293,-0.03646,0.00468
0.00339,-0.03601,0.00468
0.00259,-0.03501,0.00448
0.00402,-0.03653,0.00490
0.00412,-0.03940,0.00476
0.00206,-0.03450,0.00438
0.00233,-0.03499,0.00445
0.00102,-0.01912,0.00843
0.00050,-0.01887,0.00836
-0.00090,-0.01710,0.00775
0.00269,-0.02019,0.00810
0.00223,-0.02003,0.00827
0.00381,-0.01982,0.00726
0.00199,-0.01919,0.00827
-0.00246,-0.02683,0.00409
-0.00243,-0.02660,0.00407
-0.00273,-0.02705,0.00405
-0.00247,-0.02660,0.00406
-0.00344,-0.02227,0.00367
-0.00328,-0.02323,0.00370
-0.00329,-0.02291,0.00366
-0.00382,-0.01844,0.00361
-0.00362,-0.01895,0.00318
-0.00354,-0.02037,0.00353
-0.00331,-0.02181,0.00349
-0.00309,-0.02183,0.00339
-0.00320,-0.02134,0.00336
-0.00120,-0.01661,0.00753
-0.00148,-0.01612,0.00732
-0.00223,-0.01609,0.00680
-0.00244,-0.01608,0.00661
-0.00330,-0.01509,0.00586
-0.00346,-0.01604,0.00560
-0.00393,-0.01749,0.00337
-0.00400,-0.01747,0.00406
-0.00410,-0.01555,0.00446
-0.00365,-0.01460,0.00546
-0.00412,-0.01617,0.00404
-0.00324,-0.02512,0.00392
-0.00300,-0.02561,0.00392
-0.00275,-0.02563,0.00391
-0.00303,-0.02467,0.00376
-0.00303,-0.02419,0.00372
-0.00304,-0.02372,0.00368
-0.00304,-0.02324,0.00364
0.00162,-0.04208,0.00399
0.00211,-0.04211,0.00392
0.00228,-0.04106,0.00453
0.00241,-0.04165,0.00407
0.00257,-0.04070,0.00465
0.00329,-0.04048,0.00452
0.00403,-0.04034,0.00446
0.00550,-0.04285,0.00341
0.00552,-0.04220,0.00345
0.00475,-0.04185,0.00341
0.00379,-0.04171,0.00357
0.00331,-0.04175,0.00366
0.00408,-0.04134,0.00372
0.00432,-0.04133,0.00367
0.00541,-0.04189,0.00346
0.00559,-0.04142,0.00371
0.00563,-0.04127,0.00384
0.00539,-0.04112,0.00389
0.00491,-0.04095,0.00398
0.00515,-0.04103,0.00393
0.00468,-0.04087,0.00404
0.00449,-0.04058,0.00428
0.00455,-0.04025,0.00448
0.00366,-0.03366,0.00466
0.00362,-0.03508,0.00471
0.00395,-0.03305,0.00479
0.00451,-0.03276,0.00498
0.00505,-0.03232,0.00509
0.00518,-0.03139,0.00493
0.00540,-0.02951,0.00481
0.00530,-0.02856,0.00458
0.00543,-0.02525,0.00443
0.00537,-0.02427,0.00530
0.00543,-0.02475,0.00509
0.00497,-0.02373,0.00635
0.00531,-0.02619,0.00426
0.00534,-0.02572,0.00424
0.00517,-0.02808,0.00441
0.00516,-0.02761,0.00434
0.00396,-0.01937,0.00711
0.00485,-0.02325,0.00650
0.00469,-0.02086,0.00645
0.00308,-0.03126,0.00427
0.00200,-0.03062,0.00398
0.00256,-0.03359,0.00430
0.00216,-0.03356,0.00428
0.00284,-0.03314,0.00435
0.00283,-0.03314,0.00434
0.00337,-0.03222,0.00445
0.00336,-0.03127,0.00435
0.00205,-0.03392,0.00431
0.00075,-0.03015,0.00398
-0.00097,-0.02670,0.00400
-0.00121,-0.02669,0.00405
0.00096,-0.02685,0.00369
0.00172,-0.02751,0.00370
-0.00001,-0.02638,0.00379
-0.00073,-0.02677,0.00395
-0.00097,-0.02670,0.00400
-0.00121,-0.02662,0.00404
-0.00224,-0.02472,0.00389
-0.00099,-0.02623,0.00390
-0.00198,-0.02496,0.00392
-0.00103,-0.02481,0.00370
0.00250,-0.02886,0.00385
0.00248,-0.02791,0.00372
0.00234,-0.03547,0.00453
0.00283,-0.03408,0.00441
0.00310,-0.03410,0.00447
0.00252,-0.03501,0.00448
0.00096,-0.01722,0.00821
0.00022,-0.01717,0.00817
-0.00005,-0.01762,0.00814
0.00021,-0.01622,0.00809
-0.00062,-0.01570,0.00778
-0.00097,-0.01662,0.00768
0.00289,-0.01927,0.00786
0.00354,-0.01933,0.00744
0.00288,-0.01879,0.00781
0.00257,-0.01829,0.00791
0.00242,-0.01755,0.00792
0.00219,-0.01684,0.00797
-0.00331,-0.02228,0.00354
-0.00329,-0.02275,0.00363
-0.00305,-0.02311,0.00362
-0.00366,-0.01847,0.00299
-0.00388,-0.01751,0.00314
-0.00382,-0.01798,0.00333
-0.00344,-0.01897,0.00288
-0.00315,-0.02041,0.00310
-0.00311,-0.02135,0.00328
-0.00320,-0.01945,0.00284
-0.00308,-0.02230,0.00345
-0.00286,-0.02171,0.00331
-0.00310,-0.02161,0.00335
-0.00121,-0.01593,0.00748
-0.00121,-0.01566,0.00746
-0.00244,-0.01532,0.00659
-0.00244,-0.01560,0.00658
-0.00267,-0.01559,0.00642
-0.00305,-0.01368,0.00611
-0.00392,-0.01717,0.00291
-0.00421,-0.01605,0.00338
-0.00435,-0.01455,0.00403
-0.00436,-0.01508,0.00360
-0.00388,-0.01364,0.00525
-0.00447,-0.01363,0.00424
-0.00427,-0.01557,0.00344
-0.00301,-0.02514,0.00383
-0.00277,-0.02516,0.00386
-0.00277,-0.02468,0.00379
-0.00278,-0.02421,0.00374
-0.00281,-0.02279,0.00356
0.00324,-0.04095,0.00433
0.00360,-0.04135,0.00381
0.00504,-0.04151,0.00352
0.00486,-0.04109,0.00377
0.00506,-0.04139,0.00359
0.00547,-0.04142,0.00366
0.00534,-0.04130,0.00368
0.00510,-0.04117,0.00373
0.00366,-0.03271,0.00460
0.00366,-0.03286,0.00462
0.00338,-0.03317,0.00451
0.00367,-0.03271,0.00461
0.00421,-0.03227,0.00479
0.00371,-0.03224,0.00459
0.00446,-0.03182,0.00474
0.00449,-0.03226,0.00488
0.00470,-0.03183,0.00482
0.00496,-0.03090,0.00468
0.00523,-0.02997,0.00472
0.00501,-0.02949,0.00444
0.00507,-0.02902,0.00441
0.00536,-0.02525,0.00422
0.00543,-0.02477,0.00441
0.00544,-0.02429,0.00484
0.00539,-0.02424,0.00507
0.00526,-0.02330,0.00552
0.00538,-0.02380,0.00506
0.00507,-0.02233,0.00597
0.00507,-0.02666,0.00410
0.00513,-0.02619,0.00407
0.00520,-0.02572,0.00404
0.00479,-0.02853,0.00423
0.00459,-0.02805,0.00411
0.00493,-0.02760,0.00417
0.00500,-0.02713,0.00413
0.00455,-0.01990,0.00651
0.00374,-0.01932,0.00726
0.00454,-0.01904,0.00641
0.00374,-0.01887,0.00722
0.00434,-0.01846,0.00659
0.00419,-0.01750,0.00665
0.00478,-0.01945,0.00615
0.00537,-0.02191,0.00477
0.00535,-0.02049,0.00472
0.00307,-0.03075,0.00421
0.00280,-0.03077,0.00413
0.00306,-0.03031,0.00415
0.00265,-0.03028,0.00406
0.00283,-0.03326,0.00436
0.00337,-0.03164,0.00441
0.00361,-0.03009,0.00430
0.00343,-0.03128,0.00438
0.00315,-0.03032,0.00418
-0.00097,-0.02670,0.00400
0.00219,-0.02647,0.00352
0.00072,-0.02636,0.00368
0.00271,-0.02698,0.00362
-0.00073,-0.02672,0.00394
0.00092,-0.02496,0.00342
-0.00250,-0.02423,0.00381
-0.00232,-0.02283,0.00349
-0.00131,-0.02371,0.00351
0.00089,-0.02409,0.00330
-0.00013,-0.02299,0.00319
0.00277,-0.02935,0.00396
0.00358,-0.02892,0.00413
0.00349,-0.02845,0.00404
0.00300,-0.02794,0.00380
0.00249,-0.02833,0.00380
0.00273,-0.02745,0.00371
0.00261,-0.02792,0.00376
0.00147,-0.01631,0.00810
0.00098,-0.01580,0.00811
0.00021,-0.01575,0.00805
-0.00007,-0.01478,0.00792
-0.00119,-0.01566,0.00747
-0.00121,-0.01424,0.00738
0.00331,-0.01883,0.00752
0.00368,-0.01887,0.00726
0.00352,-0.01838,0.00734
0.00391,-0.01652,0.00682
0.00372,-0.01603,0.00692
0.00241,-0.01591,0.00781
0.00349,-0.01506,0.00707
0.00194,-0.01540,0.00793
-0.00282,-0.02279,0.00356
-0.00350,-0.01844,0.00264
-0.00376,-0.01800,0.00291
-0.00386,-0.01757,0.00314
-0.00325,-0.01899,0.00266
-0.00290,-0.02090,0.00310
-0.00299,-0.01948,0.00268
-0.00257,-0.02265,0.00350
-0.00219,-0.02093,0.00292
-0.00209,-0.01277,0.00683
-0.00269,-0.01227,0.00647
-0.00376,-0.01317,0.00543
-0.00334,-0.01271,0.00590
-0.00350,-0.01803,0.00240
-0.00360,-0.01755,0.00221
-0.00397,-0.01681,0.00268
-0.00384,-0.01698,0.00221
-0.00419,-0.01608,0.00248
-0.00432,-0.01559,0.00248
-0.00426,-0.01575,0.00248
-0.00452,-0.01430,0.00338
-0.00456,-0.01463,0.00250
-0.00446,-0.01512,0.00227
-0.00434,-0.01315,0.00465
-0.00501,-0.01123,0.00404
-0.00481,-0.01267,0.00383
-0.00468,-0.01171,0.00444
0.00417,-0.03133,0.00459
0.00420,-0.03171,0.00469
0.00383,-0.03130,0.00453
0.00444,-0.03130,0.00463
0.00468,-0.03084,0.00456
0.00494,-0.03043,0.00457
0.00492,-0.02986,0.00448
0.00490,-0.02948,0.00438
0.00472,-0.02900,0.00426
0.00524,-0.02525,0.00402
0.00537,-0.02478,0.00420
0.00538,-0.02383,0.00416
0.00542,-0.02381,0.00483
0.00532,-0.02194,0.00388
0.00510,-0.02619,0.00405
0.00484,-0.02712,0.00405
0.00483,-0.02664,0.00398
0.00501,-0.02524,0.00384
0.00491,-0.02570,0.00388
0.00461,-0.02899,0.00422
0.00485,-0.02759,0.00413
0.00386,-0.02942,0.00426
0.00396,-0.02848,0.00417
0.00459,-0.02757,0.00407
0.00535,-0.01715,0.00505
0.00467,-0.01707,0.00609
0.00417,-0.01702,0.00664
0.00537,-0.01859,0.00487
0.00540,-0.01811,0.00482
0.00540,-0.02051,0.00404
0.00418,-0.03038,0.00442
0.00464,-0.02994,0.00438
0.00436,-0.02945,0.00426
0.00323,-0.02654,0.00364
0.00118,-0.02545,0.00348
0.00139,-0.02452,0.00327
0.00241,-0.02554,0.00336
0.00288,-0.02699,0.00366
0.00273,-0.02745,0.00371
-0.00040,-0.02250,0.00311
0.00074,-0.02071,0.00253
0.00007,-0.02198,0.00294
-0.00099,-0.02057,0.00268
0.00137,-0.02401,0.00319
0.00060,-0.02295,0.00309
0.00382,-0.02752,0.00402
0.00299,-0.02747,0.00374
0.00274,-0.02792,0.00377
0.00273,-0.02745,0.00371
0.00146,-0.01441,0.00796
0.00045,-0.01497,0.00800
-0.00008,-0.01384,0.00784
-0.00115,-0.01377,0.00739
0.00391,-0.01558,0.00676
0.00432,-0.01656,0.00646
0.00412,-0.01653,0.00663
0.00409,-0.01607,0.00662
0.00370,-0.01555,0.00691
0.00370,-0.01555,0.00691
0.00331,-0.01457,0.00718
0.00328,-0.01315,0.00716
0.00217,-0.01447,0.00779
0.00261,-0.01356,0.00750
0.00370,-0.01508,0.00689
0.00370,-0.01508,0.00689
0.00370,-0.01461,0.00688
-0.00330,-0.01852,0.00245
-0.00303,-0.01901,0.00252
-0.00249,-0.01999,0.00269
-0.00230,-0.01938,0.00243
-0.00177,-0.02007,0.00257
-0.00208,-0.01135,0.00682
-0.00084,-0.01189,0.00748
-0.00149,-0.01138,0.00715
-0.00178,-0.01137,0.00700
-0.00092,-0.01283,0.00749
-0.00332,-0.01214,0.00598
-0.00268,-0.01179,0.00648
-0.00412,-0.01268,0.00504
-0.00379,-0.01174,0.00561
-0.00415,-0.01172,0.00524
-0.00335,-0.01805,0.00221
-0.00340,-0.01758,0.00199
-0.00366,-0.01708,0.00196
-0.00400,-0.01612,0.00156
-0.00396,-0.01659,0.00199
-0.00366,-0.01707,0.00195
-0.00374,-0.01661,0.00161
-0.00434,-0.01561,0.00204
-0.00432,-0.01560,0.00226
-0.00432,-0.01560,0.00226
-0.00505,-0.01258,0.00320
-0.00499,-0.01317,0.00276
-0.00456,-0.01464,0.00205
-0.00456,-0.01460,0.00227
-0.00470,-0.01415,0.00228
-0.00497,-0.01317,0.00253
-0.00432,-0.01560,0.00226
-0.00437,-0.01545,0.00204
-0.00494,-0.01240,0.00362
-0.00518,-0.01171,0.00342
-0.00529,-0.01149,0.00321
-0.00520,-0.01026,0.00405
-0.00491,-0.01075,0.00445
0.00439,-0.03040,0.00442
0.00462,-0.02937,0.00429
0.00506,-0.02495,0.00382
0.00530,-0.02431,0.00397
0.00531,-0.02383,0.00395
0.00532,-0.02336,0.00393
0.00532,-0.02288,0.00392
0.00532,-0.02241,0.00390
0.00525,-0.02241,0.00369
0.00526,-0.02194,0.00367
0.00518,-0.02146,0.00344
0.00482,-0.02610,0.00391
0.00440,-0.02709,0.00403
0.00455,-0.02615,0.00387
0.00406,-0.02659,0.00393
0.00480,-0.02570,0.00383
0.00478,-0.02523,0.00375
0.00505,-0.02477,0.00378
0.00558,-0.01816,0.00369
0.00571,-0.01673,0.00428
0.00528,-0.01619,0.00524
0.00473,-0.01518,0.00600
0.00547,-0.01564,0.00497
0.00577,-0.01626,0.00424
0.00575,-0.01578,0.00447
0.00547,-0.01909,0.00419
0.00537,-0.02005,0.00358
0.00514,-0.02099,0.00321
0.00298,-0.02700,0.00367
0.00341,-0.02703,0.00378
0.00374,-0.02563,0.00364
0.00404,-0.02605,0.00384
0.00240,-0.02507,0.00329
0.00366,-0.02421,0.00327
-0.00004,-0.01999,0.00244
0.00165,-0.01983,0.00212
0.00177,-0.02219,0.00268
0.00092,-0.01970,0.00223
-0.00062,-0.01853,0.00205
0.00263,-0.02442,0.00317
0.00287,-0.02416,0.00313
0.00119,-0.01250,0.00783
0.00071,-0.01436,0.00798
-0.00035,-0.01334,0.00774
0.00018,-0.01243,0.00779
0.00391,-0.01510,0.00673
0.00411,-0.01607,0.00660
0.00370,-0.01508,0.00689
0.00370,-0.01508,0.00689
0.00371,-0.01461,0.00687
0.00391,-0.01463,0.00673
0.00470,-0.01280,0.00615
0.00333,-0.01268,0.00710
0.00227,-0.01306,0.00756
0.00237,-0.01260,0.00750
-0.00308,-0.01854,0.00233
-0.00283,-0.01867,0.00229
-0.00164,-0.01847,0.00204
-0.00240,-0.01812,0.00198
-0.00238,-0.01128,0.00665
-0.00180,-0.01089,0.00697
-0.00064,-0.01096,0.00750
-0.00063,-0.01238,0.00760
0.00015,-0.01195,0.00773
-0.00041,-0.01144,0.00760
-0.00093,-0.01047,0.00734
-0.00178,-0.01079,0.00696
-0.00294,-0.01083,0.00630
-0.00393,-0.01030,0.00559
-0.00460,-0.01076,0.00486
-0.00313,-0.01807,0.00209
-0.00346,-0.01710,0.00175
-0.00324,-0.01706,0.00164
-0.00419,-0.01593,0.00179
-0.00401,-0.01609,0.00154
-0.00381,-0.01614,0.00134
-0.00424,-0.01563,0.00159
-0.00347,-0.01699,0.00169
-0.00358,-0.01613,0.00123
-0.00564,-0.01173,0.00171
-0.00533,-0.01269,0.00191
-0.00460,-0.01465,0.00161
-0.00461,-0.01440,0.00205
-0.00490,-0.01355,0.00186
-0.00567,-0.01143,0.00171
-0.00547,-0.01074,0.00322
-0.00547,-0.01022,0.00343
-0.00517,-0.00931,0.00423
-0.00540,-0.00883,0.00381
-0.00421,-0.00982,0.00537
-0.00474,-0.00932,0.00482
-0.00491,-0.00884,0.00461
0.00516,-0.02430,0.00378
0.00519,-0.02383,0.00375
0.00522,-0.02336,0.00373
0.00524,-0.02288,0.00371
0.00507,-0.02288,0.00352
0.00511,-0.02241,0.00349
0.00495,-0.02189,0.00328
0.00454,-0.02568,0.00381
0.00477,-0.02475,0.00367
0.00429,-0.02566,0.00381
0.00503,-0.02430,0.00369
0.00538,-0.01818,0.00261
0.00559,-0.01771,0.00300
0.00541,-0.01911,0.00331
0.00585,-0.01664,0.00358
0.00511,-0.01522,0.00555
0.00441,-0.01468,0.00628
0.00543,-0.01239,0.00565
0.00589,-0.01436,0.00460
0.00573,-0.01386,0.00494
0.00643,-0.01442,0.00383
0.00610,-0.01534,0.00393
0.00620,-0.01499,0.00390
0.00514,-0.02001,0.00295
0.00500,-0.02099,0.00301
0.00387,-0.02422,0.00336
0.00449,-0.02426,0.00353
0.00447,-0.02379,0.00345
0.00388,-0.02315,0.00310
-0.00014,-0.01821,0.00194
0.00023,-0.01645,0.00135
0.00199,-0.02174,0.00255
0.00236,-0.01970,0.00193
0.00315,-0.02041,0.00211
0.00177,-0.01796,0.00151
0.00221,-0.01752,0.00126
0.00273,-0.01813,0.00135
0.00290,-0.01710,0.00097
0.00253,-0.02272,0.00274
-0.00198,-0.01723,0.00161
-0.00042,-0.01779,0.00182
0.00331,-0.02278,0.00281
0.00431,-0.02142,0.00272
0.00094,-0.01214,0.00780
0.00166,-0.01166,0.00764
0.00458,-0.01232,0.00629
0.00478,-0.01281,0.00610
0.00479,-0.01234,0.00611
0.00479,-0.01234,0.00611
0.00306,-0.01123,0.00717
0.00441,-0.01040,0.00650
0.00350,-0.01080,0.00693
0.00411,-0.01037,0.00663
0.00236,-0.01117,0.00740
0.00189,-0.01161,0.00756
-0.00289,-0.01816,0.00206
-0.00208,-0.01040,0.00678
-0.00037,-0.01097,0.00756
-0.00066,-0.01042,0.00739
-0.00068,-0.01001,0.00731
0.00042,-0.01103,0.00769
-0.00132,-0.00997,0.00706
-0.00265,-0.00990,0.00643
-0.00151,-0.01678,0.00147
-0.00292,-0.01545,0.00084
-0.00382,-0.01603,0.00127
-0.00407,-0.01565,0.00127
-0.00460,-0.01466,0.00138
-0.00383,-0.01521,0.00080
-0.00375,-0.01491,0.00054
-0.00320,-0.01525,0.00073
-0.00558,-0.01221,0.00150
-0.00578,-0.01102,0.00127
-0.00507,-0.01362,0.00122
-0.00536,-0.01288,0.00103
-0.00483,-0.01413,0.00119
-0.00586,-0.01077,0.00150
-0.00575,-0.01034,0.00236
-0.00568,-0.01027,0.00280
-0.00567,-0.00931,0.00298
-0.00504,-0.00789,0.00438
-0.00546,-0.00836,0.00358
-0.00419,-0.00887,0.00536
-0.00477,-0.00837,0.00479
0.00499,-0.02287,0.00346
0.00436,-0.02203,0.00296
0.00470,-0.02192,0.00311
0.00472,-0.02333,0.00342
0.00563,-0.01716,0.00274
0.00521,-0.01912,0.00268
0.00524,-0.01818,0.00227
0.00596,-0.01630,0.00332
0.00615,-0.01343,0.00458
0.00568,-0.01195,0.00547
0.00502,-0.01188,0.00602
0.00643,-0.01346,0.00424
0.00634,-0.01489,0.00364
0.00656,-0.01447,0.00268
0.00681,-0.01351,0.00349
0.00618,-0.01539,0.00279
0.00641,-0.01478,0.00272
0.00598,-0.01614,0.00308
0.00503,-0.01931,0.00249
0.00482,-0.02051,0.00271
0.00420,-0.02330,0.00326
0.00143,-0.01651,0.00111
-0.00085,-0.01635,0.00135
-0.00107,-0.01587,0.00115
-0.00041,-0.01486,0.00075
-0.00086,-0.01541,0.00098
0.00084,-0.01508,0.00073
0.00284,-0.01947,0.00183
0.00348,-0.02126,0.00243
0.00402,-0.02125,0.00255
0.00364,-0.01997,0.00201
0.00337,-0.01984,0.00196
0.00322,-0.01854,0.00149
0.00294,-0.01805,0.00130
0.00321,-0.01799,0.00125
0.00353,-0.01575,0.00020
0.00281,-0.01607,0.00058
0.00450,-0.02031,0.00242
0.00417,-0.02001,0.00212
0.00066,-0.01057,0.00764
0.00142,-0.01144,0.00768
0.00118,-0.01145,0.00773
0.00088,-0.00964,0.00744
0.00479,-0.01234,0.00611
0.00481,-0.01186,0.00618
0.00496,-0.01188,0.00606
0.00281,-0.01018,0.00712
0.00570,-0.01052,0.00564
0.00643,-0.00963,0.00523
0.00372,-0.00987,0.00675
0.00485,-0.00918,0.00621
0.00551,-0.00907,0.00583
0.00186,-0.01019,0.00736
-0.00231,-0.00944,0.00657
-0.00049,-0.01002,0.00734
0.00036,-0.00941,0.00737
-0.00046,-0.00908,0.00715
-0.00208,-0.00851,0.00649
-0.00161,-0.01557,0.00103
-0.00244,-0.01512,0.00073
-0.00278,-0.01481,0.00056
-0.00423,-0.01470,0.00063
-0.00436,-0.01504,0.00112
-0.00401,-0.01473,0.00050
-0.00380,-0.01449,0.00031
-0.00282,-0.01434,0.00033
-0.00356,-0.01429,0.00026
-0.00557,-0.01222,0.00127
-0.00572,-0.01128,0.00055
-0.00566,-0.01180,0.00082
-0.00578,-0.01081,0.00036
-0.00489,-0.01391,0.00097
-0.00459,-0.01375,0.00016
-0.00542,-0.01272,0.00081
-0.00505,-0.01319,0.00030
-0.00481,-0.01354,0.00026
-0.00459,-0.01421,0.00069
-0.00591,-0.00991,0.00171
-0.00593,-0.00983,0.00103
-0.00584,-0.01071,0.00104
-0.00580,-0.00924,0.00211
-0.00546,-0.00742,0.00332
-0.00455,-0.00791,0.00492
-0.00476,-0.00743,0.00453
-0.00578,-0.00838,0.00230
-0.00569,-0.00789,0.00271
-0.00344,-0.00843,0.00587
-0.00370,-0.00842,0.00570
0.00542,-0.01726,0.00189
0.00576,-0.01632,0.00224
0.00487,-0.01848,0.00182
0.00463,-0.01898,0.00189
0.00507,-0.01772,0.00158
0.00692,-0.01208,0.00409
0.00656,-0.01156,0.00460
0.00682,-0.01063,0.00451
0.00698,-0.01238,0.00386
0.00705,-0.01288,0.00319
0.00630,-0.01478,0.00229
0.00709,-0.01310,0.00207
0.00712,-0.01259,0.00339
0.00589,-0.01570,0.00174
0.00231,-0.01565,0.00059
-0.00083,-0.01448,0.00060
0.00007,-0.01475,0.00065
0.00228,-0.01519,0.00044
0.00169,-0.01400,0.00006
0.00034,-0.01409,0.00035
0.00376,-0.01951,0.00186
0.00356,-0.01900,0.00166
0.00410,-0.01720,0.00074
0.00388,-0.01736,0.00086
0.00318,-0.01513,0.00002
0.00428,-0.01675,0.00045
0.00361,-0.01485,-0.00030
0.00294,-0.01497,0.00007
0.00429,-0.01955,0.00198
0.00113,-0.00995,0.00746
0.00161,-0.01006,0.00736
0.00060,-0.00908,0.00731
0.00251,-0.00882,0.00688
0.00198,-0.00800,0.00676
0.00173,-0.00782,0.00676
0.00075,-0.00775,0.00688
0.00224,-0.00833,0.00681
0.00064,-0.00821,0.00705
0.00706,-0.00922,0.00463
0.00683,-0.00920,0.00491
0.00609,-0.00912,0.00550
0.00417,-0.00896,0.00647
0.00366,-0.00835,0.00643
0.00461,-0.00875,0.00624
0.00572,-0.00862,0.00565
0.00483,-0.00854,0.00609
-0.00023,-0.00854,0.00701
-0.00053,-0.00807,0.00683
-0.00136,-0.00783,0.00654
-0.00166,-0.00760,0.00634
-0.00272,-0.00806,0.00615
-0.00249,-0.00755,0.00605
-0.00196,-0.01462,0.00061
-0.00273,-0.01479,0.00055
-0.00220,-0.01481,0.00067
-0.00258,-0.01389,0.00013
-0.00225,-0.01435,0.00044
-0.00452,-0.01412,0.00045
-0.00430,-0.01424,0.00031
-0.00404,-0.01452,0.00036
-0.00409,-0.01409,0.00013
-0.00308,-0.01409,0.00015
-0.00284,-0.01393,0.00010
-0.00415,-0.01371,-0.00009
-0.00396,-0.01330,-0.00037
-0.00386,-0.01241,-0.00100
-0.00359,-0.01244,-0.00093
-0.00565,-0.01176,0.00060
-0.00532,-0.01181,-0.00037
-0.00545,-0.01128,-0.00036
-0.00566,-0.01036,-0.00024
-0.00576,-0.00941,-0.00037
-0.00587,-0.01031,0.00081
-0.00434,-0.01406,0.00018
-0.00439,-0.01368,-0.00005
-0.00463,-0.01356,-0.00000
-0.00513,-0.01277,-0.00004
-0.00534,-0.01239,0.00010
-0.00488,-0.01326,-0.00002
-0.00591,-0.00936,0.00078
-0.00591,-0.00841,0.00097
-0.00557,-0.00729,0.00289
-0.00500,-0.00728,0.00412
-0.00538,-0.00696,0.00306
-0.00517,-0.00684,0.00347
-0.00506,-0.00713,0.00390
-0.00360,-0.00787,0.00566
-0.00336,-0.00740,0.00559
-0.00430,-0.00736,0.00488
-0.00471,-0.00697,0.00428
-0.00456,-0.00697,0.00447
-0.00581,-0.00791,0.00184
-0.00563,-0.00732,0.00268
0.00551,-0.01633,0.00130
0.00535,-0.01723,0.00168
0.00452,-0.01830,0.00144
0.00464,-0.01770,0.00117
0.00494,-0.01722,0.00109
0.00692,-0.01112,0.00428
0.00722,-0.01123,0.00377
0.00717,-0.01211,0.00359
0.00746,-0.00927,0.00388
0.00717,-0.01260,0.00316
0.00737,-0.01215,0.00265
0.00614,-0.01495,0.00143
0.00639,-0.01447,0.00204
0.00715,-0.01262,0.00159
0.00666,-0.01357,0.00105
0.00643,-0.01430,0.00180
0.00613,-0.01450,0.00066
0.00572,-0.01577,0.00110
0.00311,-0.01431,-0.00030
-0.00098,-0.01400,0.00039
0.00246,-0.01464,0.00015
0.00142,-0.01371,-0.00004
0.00293,-0.01242,-0.00105
0.00022,-0.01362,0.00013
0.00417,-0.01769,0.00104
0.00436,-0.01722,0.00075
0.00447,-0.01629,0.00018
0.00454,-0.01677,0.00048
0.00454,-0.01676,0.00048
0.00441,-0.01582,-0.00007
0.00379,-0.01455,-0.00057
0.00328,-0.01386,-0.00062
0.00331,-0.01199,-0.00157
0.00178,-0.00643,0.00593
0.00203,-0.00645,0.00590
0.00145,-0.00746,0.00663
0.00049,-0.00773,0.00684
0.00091,-0.00710,0.00650
0.00055,-0.00634,0.00604
0.00315,-0.00794,0.00640
0.00264,-0.00771,0.00639
0.00235,-0.00719,0.00620
0.00726,-0.00877,0.00435
0.00659,-0.00870,0.00510
0.00594,-0.00864,0.00553
0.00614,-0.00818,0.00530
0.00594,-0.00859,0.00552
0.00437,-0.00850,0.00625
0.00319,-0.00654,0.00550
0.00456,-0.00817,0.00601
0.00467,-0.00760,0.00544
0.00338,-0.00626,0.00528
0.00538,-0.00812,0.00561
0.00591,-0.00817,0.00539
0.00477,-0.00807,0.00585
-0.00004,-0.00770,0.00671
-0.00089,-0.00718,0.00636
-0.00041,-0.00674,0.00626
-0.00069,-0.00655,0.00613
-0.00169,-0.00666,0.00589
-0.00283,-0.00717,0.00570
-0.00205,-0.00663,0.00574
-0.00153,-0.01390,0.00027
-0.00338,-0.01198,-0.00111
-0.00420,-0.01334,-0.00032
-0.00407,-0.01278,-0.00082
-0.00426,-0.01311,-0.00054
-0.00437,-0.01257,-0.00099
-0.00389,-0.01222,-0.00110
-0.00365,-0.01196,-0.00116
-0.00502,-0.01232,-0.00058
-0.00512,-0.01137,-0.00088
-0.00487,-0.01187,-0.00102
-0.00545,-0.01039,-0.00085
-0.00565,-0.00990,-0.00060
-0.00571,-0.00846,-0.00019
-0.00569,-0.00861,-0.00041
-0.00556,-0.00979,-0.00085
-0.00569,-0.00895,-0.00063
-0.00468,-0.01324,-0.00023
-0.00492,-0.01305,-0.00018
-0.00558,-0.00800,-0.00001
-0.00584,-0.00793,0.00117
-0.00565,-0.00767,0.00067
-0.00539,-0.00675,0.00261
-0.00493,-0.00627,0.00340
-0.00517,-0.00651,0.00278
-0.00510,-0.00696,0.00368
-0.00442,-0.00604,0.00418
-0.00352,-0.00655,0.00514
-0.00309,-0.00705,0.00552
-0.00382,-0.00607,0.00473
-0.00413,-0.00605,0.00450
-0.00572,-0.00745,0.00135
-0.00578,-0.00775,0.00115
-0.00553,-0.00697,0.00242
-0.00550,-0.00687,0.00218
0.00532,-0.01611,0.00052
0.00521,-0.01679,0.00110
0.00513,-0.01667,0.00080
0.00443,-0.01769,0.00106
0.00474,-0.01724,0.00090
0.00746,-0.01120,0.00305
0.00753,-0.01025,0.00322
0.00759,-0.00978,0.00318
0.00761,-0.00882,0.00338
0.00745,-0.00832,0.00385
0.00734,-0.00839,0.00410
0.00745,-0.01153,0.00171
0.00761,-0.01075,0.00255
0.00756,-0.01118,0.00213
0.00755,-0.01124,0.00191
0.00585,-0.01517,0.00060
0.00693,-0.01283,0.00074
0.00717,-0.01207,0.00067
0.00733,-0.01151,0.00129
0.00598,-0.01434,0.00009
0.00663,-0.01333,0.00060
0.00565,-0.01542,0.00042
0.00312,-0.01337,-0.00070
-0.00038,-0.01311,-0.00016
-0.00137,-0.01257,-0.00048
-0.00015,-0.01295,-0.00027
0.00046,-0.01192,-0.00088
0.00219,-0.01190,-0.00104
0.00288,-0.01195,-0.00128
0.00267,-0.01202,-0.00111
0.00478,-0.01661,0.00042
0.00473,-0.01627,0.00020
0.00467,-0.01594,-0.00003
0.00483,-0.01678,0.00061
0.00462,-0.01543,-0.00026
0.00480,-0.01491,-0.00054
0.00475,-0.01460,-0.00077
0.00392,-0.01369,-0.00108
0.00349,-0.01154,-0.00187
0.00460,-0.01350,-0.00141
0.00246,-0.01098,-0.00155
0.00152,-0.00630,0.00589
0.00200,-0.00628,0.00579
0.00176,-0.00629,0.00584
0.00224,-0.00633,0.00575
0.00128,-0.00633,0.00594
0.00112,-0.00685,0.00632
0.00029,-0.00632,0.00602
0.00086,-0.00670,0.00627
0.00075,-0.00611,0.00582
0.00051,-0.00613,0.00587
0.00248,-0.00637,0.00570
0.00272,-0.00646,0.00565
0.00697,-0.00823,0.00462
0.00679,-0.00858,0.00489
0.00657,-0.00822,0.00502
0.00650,-0.00749,0.00469
0.00607,-0.00758,0.00500
0.00583,-0.00755,0.00505
0.00291,-0.00617,0.00538
0.00455,-0.00666,0.00493
0.00483,-0.00715,0.00505
0.00405,-0.00613,0.00492
0.00312,-0.00607,0.00524
0.00336,-0.00609,0.00519
0.00559,-0.00756,0.00510
0.00530,-0.00735,0.00493
0.00003,-0.00628,0.00597
-0.00050,-0.00617,0.00585
-0.00080,-0.00609,0.00569
-0.00104,-0.00620,0.00574
-0.00181,-0.00638,0.00568
-0.00270,-0.00613,0.00518
-0.00323,-0.00610,0.00505
-0.00246,-0.00599,0.00513
-0.00199,-0.01237,-0.00059
-0.00255,-0.01202,-0.00080
-0.00287,-0.01170,-0.00111
-0.00341,-0.01176,-0.00122
-0.00450,-0.01309,-0.00049
-0.00431,-0.01284,-0.00077
-0.00455,-0.01282,-0.00072
-0.00437,-0.01191,-0.00124
-0.00449,-0.01190,-0.00121
-0.00443,-0.01190,-0.00124
-0.00463,-0.01236,-0.00102
-0.00461,-0.01252,-0.00094
-0.00365,-0.01196,-0.00116
-0.00392,-0.01194,-0.00123
-0.00365,-0.01196,-0.00116
-0.00487,-0.01280,-0.00043
-0.00479,-0.01266,-0.00068
-0.00477,-0.01281,-0.00057
-0.00468,-0.01141,-0.00128
-0.00504,-0.01091,-0.00114
-0.00513,-0.01090,-0.00107
-0.00474,-0.01235,-0.00092
-0.00538,-0.00992,-0.00110
-0.00545,-0.00797,-0.00049
-0.00550,-0.00819,-0.00069
-0.00556,-0.00864,-0.00089
-0.00548,-0.00945,-0.00110
-0.00549,-0.00898,-0.00111
-0.00474,-0.01299,-0.00045
-0.00515,-0.00742,-0.00034
-0.00507,-0.00707,0.00030
-0.00517,-0.00705,0.00055
-0.00554,-0.00719,0.00108
-0.00520,-0.00638,0.00233
-0.00491,-0.00606,0.00248
-0.00483,-0.00605,0.00314
-0.00428,-0.00558,0.00391
-0.00434,-0.00552,0.00370
-0.00439,-0.00548,0.00348
-0.00445,-0.00547,0.00327
-0.00485,-0.00606,0.00270
-0.00483,-0.00605,0.00292
-0.00417,-0.00559,0.00411
-0.00329,-0.00583,0.00484
-0.00361,-0.00561,0.00456
-0.00377,-0.00560,0.00448
-0.00543,-0.00680,0.00149
-0.00472,-0.00573,0.00221
-0.00507,-0.00617,0.00185
0.00497,-0.01606,0.00014
0.00521,-0.01569,0.00008
0.00508,-0.01586,0.00011
0.00498,-0.01632,0.00037
0.00769,-0.00980,0.00272
0.00759,-0.00886,0.00204
0.00759,-0.00836,0.00314
0.00729,-0.00781,0.00386
0.00747,-0.00821,0.00361
0.00710,-0.00769,0.00412
0.00763,-0.01076,0.00210
0.00743,-0.01079,0.00064
0.00700,-0.01207,0.00003
0.00721,-0.01173,0.00042
0.00593,-0.01436,-0.00012
0.00611,-0.01394,-0.00040
0.00635,-0.01341,-0.00047
0.00675,-0.01267,-0.00013
-0.00055,-0.01173,-0.00091
-0.00177,-0.01208,-0.00073
-0.00150,-0.01210,-0.00070
-0.00030,-0.01171,-0.00090
0.00167,-0.01139,-0.00112
0.00063,-0.01131,-0.00117
0.00238,-0.01155,-0.00129
0.00476,-0.01585,-0.00005
0.00491,-0.01575,-0.00009
0.00510,-0.01519,-0.00037
0.00504,-0.01483,-0.00060
0.00523,-0.01428,-0.00088
0.00488,-0.01380,-0.00128
0.00424,-0.01215,-0.00188
0.00340,-0.01012,-0.00227
0.00369,-0.01108,-0.00211
0.00448,-0.01217,-0.00193
0.00482,-0.01342,-0.00150
0.00176,-0.00999,-0.00180
0.00185,-0.01065,-0.00144
0.00166,-0.01118,-0.00116
0.00147,-0.00609,0.00567
0.00123,-0.00610,0.00572
0.00171,-0.00609,0.00562
0.00195,-0.00609,0.00557
0.00219,-0.00611,0.00552
0.00093,-0.00601,0.00555
0.00046,-0.00602,0.00565
-0.00008,-0.00599,0.00554
0.00243,-0.00611,0.00547
0.00673,-0.00777,0.00464
0.00620,-0.00711,0.00451
0.00652,-0.00729,0.00445
0.00548,-0.00710,0.00466
0.00561,-0.00659,0.00416
0.00261,-0.00594,0.00521
0.00477,-0.00659,0.00479
0.00423,-0.00581,0.00464
0.00444,-0.00572,0.00447
0.00357,-0.00590,0.00501
0.00399,-0.00574,0.00469
0.00333,-0.00587,0.00505
0.00309,-0.00589,0.00511
0.00285,-0.00592,0.00515
0.00524,-0.00707,0.00470
-0.00056,-0.00604,0.00564
-0.00085,-0.00602,0.00547
-0.00109,-0.00606,0.00552
-0.00192,-0.00601,0.00524
-0.00299,-0.00596,0.00501
-0.00251,-0.00585,0.00491
-0.00260,-0.01155,-0.00104
-0.00236,-0.01204,-0.00075
-0.00210,-0.01139,-0.00105
-0.00276,-0.01108,-0.00137
-0.00324,-0.01105,-0.00150
-0.00370,-0.01149,-0.00137
-0.00394,-0.01164,-0.00134
-0.00379,-0.01148,-0.00137
-0.00424,-0.01095,-0.00153
-0.00451,-0.01001,-0.00166
-0.00498,-0.00997,-0.00141
-0.00519,-0.00933,-0.00139
-0.00502,-0.00737,-0.00082
-0.00496,-0.00726,-0.00061
-0.00536,-0.00803,-0.00095
-0.00541,-0.00851,-0.00115
-0.00524,-0.00900,-0.00139
-0.00485,-0.00702,-0.00019
-0.00467,-0.00691,-0.00046
-0.00470,-0.00602,0.00132
-0.00463,-0.00634,0.00064
-0.00530,-0.00683,0.00102
-0.00493,-0.00606,0.00239
-0.00490,-0.00606,0.00248
-0.00480,-0.00600,0.00291
-0.00458,-0.00560,0.00285
-0.00450,-0.00550,0.00305
-0.00404,-0.00529,0.00385
-0.00398,-0.00535,0.00407
-0.00409,-0.00525,0.00364
-0.00415,-0.00522,0.00342
-0.00421,-0.00523,0.00321
-0.00485,-0.00606,0.00270
-0.00485,-0.00606,0.00270
-0.00393,-0.00549,0.00429
-0.00340,-0.00543,0.00440
-0.00305,-0.00575,0.00479
-0.00309,-0.00565,0.00463
-0.00364,-0.00549,0.00445
-0.00448,-0.00554,0.00215
-0.00458,-0.00561,0.00240
-0.00483,-0.00588,0.00179
-0.00454,-0.00563,0.00194
0.00518,-0.01540,-0.00015
0.00563,-0.01472,-0.00027
0.00747,-0.01032,0.00076
0.00744,-0.00937,0.00074
0.00732,-0.00841,0.00073
0.00746,-0.00788,0.00270
0.00728,-0.00792,0.00117
0.00742,-0.00786,0.00339
0.00723,-0.00755,0.00364
0.00711,-0.00736,0.00366
0.00742,-0.00786,0.00339
0.00681,-0.00710,0.00393
0.00662,-0.00712,0.00420
0.00730,-0.01111,0.00015
0.00745,-0.01034,0.00010
0.00645,-0.01220,-0.00111
0.00664,-0.01127,-0.00128
0.00712,-0.01127,-0.00025
0.00527,-0.01494,-0.00041
0.00618,-0.01359,-0.00065
0.00637,-0.01313,-0.00071
0.00639,-0.01267,-0.00095
-0.00109,-0.01148,-0.00103
-0.00155,-0.01162,-0.00086
-0.00088,-0.01121,-0.00123
-0.00061,-0.01131,-0.00114
-0.00177,-0.01161,-0.00089
0.00139,-0.01090,-0.00122
0.00113,-0.01081,-0.00129
0.00551,-0.01309,-0.00143
0.00576,-0.01397,-0.00078
0.00512,-0.01364,-0.00133
0.00468,-0.01163,-0.00214
0.00362,-0.00967,-0.00244
0.00499,-0.01259,-0.00179
0.00546,-0.01168,-0.00203
0.00506,-0.01326,-0.00156
0.00155,-0.01030,-0.00162
0.00152,-0.00997,-0.00177
0.00174,-0.00955,-0.00191
0.00150,-0.00950,-0.00186
0.00150,-0.00950,-0.00186
0.00141,-0.00600,0.00545
0.00189,-0.00600,0.00536
0.00213,-0.00599,0.00531
0.00106,-0.00599,0.00508
0.00053,-0.00601,0.00496
0.00628,-0.00653,0.00380
0.00542,-0.00674,0.00440
0.00494,-0.00622,0.00451
0.00519,-0.00660,0.00447
0.00550,-0.00602,0.00371
0.00256,-0.00581,0.00499
0.00418,-0.00553,0.00442
0.00442,-0.00559,0.00437
0.00466,-0.00569,0.00432
0.00351,-0.00568,0.00479
0.00328,-0.00570,0.00483
0.00303,-0.00573,0.00489
0.00280,-0.00578,0.00494
-0.00144,-0.00596,0.00514
-0.00203,-0.00587,0.00481
-0.00233,-0.00579,0.00464
-0.00257,-0.00575,0.00469
-0.00186,-0.01113,-0.00110
-0.00159,-0.01115,-0.00105
-0.00186,-0.01112,-0.00111
-0.00191,-0.01092,-0.00133
-0.00378,-0.01054,-0.00173
-0.00400,-0.01094,-0.00158
-0.00428,-0.01003,-0.00174
-0.00453,-0.00954,-0.00174
-0.00476,-0.00905,-0.00170
-0.00484,-0.00726,-0.00109
-0.00473,-0.00703,-0.00067
-0.00525,-0.00805,-0.00120
-0.00498,-0.00759,-0.00127
-0.00519,-0.00853,-0.00142
-0.00432,-0.00649,-0.00010
-0.00365,-0.00638,-0.00046
-0.00435,-0.00615,0.00074
-0.00435,-0.00562,0.00168
-0.00446,-0.00586,0.00126
-0.00461,-0.00565,0.00263
-0.00456,-0.00556,0.00284
-0.00426,-0.00526,0.00300
-0.00380,-0.00522,0.00380
-0.00375,-0.00527,0.00402
-0.00369,-0.00534,0.00423
-0.00385,-0.00520,0.00359
-0.00391,-0.00519,0.00337
-0.00396,-0.00520,0.00316
-0.00286,-0.00561,0.00452
-0.00345,-0.00533,0.00418
-0.00284,-0.00567,0.00461
-0.00443,-0.00547,0.00236
-0.00430,-0.00551,0.00189
-0.00419,-0.00539,0.00231
-0.00424,-0.00545,0.00210
-0.00437,-0.00538,0.00257
0.00726,-0.00841,0.00051
0.00744,-0.00937,0.00051
0.00718,-0.00821,0.00052
0.00732,-0.00766,0.00205
0.00736,-0.00762,0.00316
0.00714,-0.00717,0.00229
0.00657,-0.00698,0.00105
0.00712,-0.00743,0.00141
0.00718,-0.00742,0.00162
0.00742,-0.00786,0.00339
0.00688,-0.00688,0.00324
0.00668,-0.00685,0.00373
0.00646,-0.00651,0.00353
0.00739,-0.00987,-0.00014
0.00682,-0.01034,-0.00135
0.00632,-0.01128,-0.00166
0.00651,-0.01033,-0.00174
0.00622,-0.01313,-0.00090
0.00589,-0.01287,-0.00129
0.00608,-0.01197,-0.00159
-0.00133,-0.01138,-0.00098
-0.00138,-0.01104,-0.00121
-0.00156,-0.01138,-0.00094
0.00006,-0.01014,-0.00154
-0.00143,-0.01070,-0.00142
0.00131,-0.01035,-0.00157
0.00574,-0.01217,-0.00174
0.00491,-0.01118,-0.00223
0.00466,-0.01116,-0.00223
0.00337,-0.00918,-0.00245
0.00173,-0.00952,-0.00192
0.00410,-0.00876,-0.00256
0.00361,-0.00872,-0.00251
0.00486,-0.00976,-0.00250
0.00470,-0.00927,-0.00253
0.00528,-0.01261,-0.00175
0.00600,-0.01124,-0.00193
0.00568,-0.01036,-0.00224
0.00128,-0.00995,-0.00173
0.00126,-0.00948,-0.00181
0.00150,-0.00950,-0.00186
0.00250,-0.00578,0.00477
0.00173,-0.00597,0.00471
0.00143,-0.00605,0.00455
0.00071,-0.00608,0.00470
0.00633,-0.00636,0.00333
0.00569,-0.00597,0.00345
0.00503,-0.00558,0.00380
0.00346,-0.00556,0.00457
0.00412,-0.00538,0.00420
0.00388,-0.00540,0.00425
0.00436,-0.00540,0.00415
0.00460,-0.00547,0.00410
0.00298,-0.00567,0.00467
0.00018,-0.00613,0.00459
-0.00150,-0.00594,0.00493
-0.00036,-0.00618,0.00447
-0.00089,-0.00616,0.00436
-0.00238,-0.00576,0.00443
-0.00262,-0.00568,0.00447
-0.00162,-0.01101,-0.00116
-0.00168,-0.01068,-0.00143
-0.00154,-0.01069,-0.00142
-0.00199,-0.01019,-0.00165
-0.00306,-0.00965,-0.00191
-0.00304,-0.00998,-0.00181
-0.00429,-0.00979,-0.00178
-0.00383,-0.00865,-0.00203
-0.00359,-0.00867,-0.00208
-0.00335,-0.00869,-0.00211
-0.00430,-0.00956,-0.00183
-0.00453,-0.00954,-0.00174
-0.00453,-0.00954,-0.00174
-0.00472,-0.00905,-0.00172
-0.00467,-0.00858,-0.00175
-0.00465,-0.00728,-0.00135
-0.00436,-0.00697,-0.00120
-0.00377,-0.00662,-0.00088
-0.00501,-0.00807,-0.00147
-0.00471,-0.00762,-0.00154
-0.00356,-0.00585,0.00085
-0.00343,-0.00605,0.00038
-0.00398,-0.00576,0.00116
-0.00384,-0.00632,-0.00020
-0.00380,-0.00584,0.00090
-0.00323,-0.00647,-0.00077
-0.00331,-0.00623,-0.00009
-0.00411,-0.00555,0.00163
-0.00417,-0.00569,0.00142
-0.00406,-0.00548,0.00184
-0.00432,-0.00532,0.00279
-0.00402,-0.00523,0.00295
-0.00356,-0.00527,0.00375
-0.00350,-0.00529,0.00397
-0.00362,-0.00526,0.00354
-0.00367,-0.00526,0.00332
-0.00373,-0.00528,0.00311
-0.00413,-0.00532,0.00252
-0.00400,-0.00545,0.00205
-0.00395,-0.00540,0.00226
-0.00389,-0.00535,0.00247
-0.00408,-0.00527,0.00273
0.00724,-0.00939,-0.00035
0.00736,-0.00906,0.00029
0.00678,-0.00791,0.00014
0.00685,-0.00891,-0.00118
0.00661,-0.00842,-0.00138
0.00666,-0.00806,-0.00050
0.00657,-0.00742,0.00040
0.00696,-0.00687,0.00254
0.00698,-0.00707,0.00165
0.00655,-0.00655,0.00194
0.00660,-0.00692,0.00127
0.00668,-0.00687,0.00148
0.00650,-0.00692,0.00107
0.00617,-0.00687,0.00046
0.00683,-0.00671,0.00302
0.00654,-0.00643,0.00284
0.00630,-0.00622,0.00288
0.00672,-0.00986,-0.00157
0.00596,-0.01030,-0.00214
0.00652,-0.00938,-0.00178
-0.00175,-0.00974,-0.00173
0.00054,-0.00960,-0.00166
-0.00073,-0.00886,-0.00174
0.00539,-0.00979,-0.00239
0.00148,-0.00903,-0.00194
0.00266,-0.00864,-0.00229
0.00362,-0.00825,-0.00248
0.00463,-0.00832,-0.00249
0.00513,-0.00883,-0.00248
0.00566,-0.00933,-0.00237
0.00126,-0.00946,-0.00181
0.00316,-0.00558,0.00440
0.00186,-0.00607,0.00424
0.00191,-0.00601,0.00445
0.00151,-0.00630,0.00387
0.00145,-0.00641,0.00366
0.00031,-0.00638,0.00415
0.00500,-0.00532,0.00334
0.00494,-0.00531,0.00345
0.00479,-0.00542,0.00384
0.00473,-0.00527,0.00362
0.00407,-0.00532,0.00398
0.00431,-0.00532,0.00393
0.00450,-0.00527,0.00370
-0.00096,-0.00629,0.00411
-0.00178,-0.00615,0.00387
-0.00244,-0.00576,0.00421
-0.00268,-0.00564,0.00426
-0.00334,-0.00821,-0.00210
-0.00454,-0.00907,-0.00181
-0.00428,-0.00806,-0.00185
-0.00205,-0.00877,-0.00194
-0.00309,-0.00844,-0.00208
-0.00474,-0.00810,-0.00167
-0.00423,-0.00736,-0.00166
-0.00417,-0.00709,-0.00145
-0.00340,-0.00689,-0.00140
-0.00257,-0.00669,-0.00112
-0.00309,-0.00678,-0.00119
-0.00403,-0.00768,-0.00185
-0.00338,-0.00596,0.00059
-0.00303,-0.00595,0.00097
-0.00345,-0.00578,0.00127
-0.00230,-0.00632,-0.00009
-0.00393,-0.00566,0.00137
-0.00364,-0.00564,0.00153
-0.00275,-0.00651,-0.00087
-0.00091,-0.00648,-0.00057
-0.00150,-0.00656,-0.00090
-0.00382,-0.00553,0.00179
-0.00387,-0.00556,0.00158
-0.00376,-0.00551,0.00200
-0.00378,-0.00530,0.00290
-0.00231,-0.00593,0.00374
-0.00360,-0.00544,0.00264
-0.00384,-0.00532,0.00269
-0.00371,-0.00549,0.00222
-0.00365,-0.00546,0.00243
0.00629,-0.00737,-0.00000
0.00647,-0.00890,-0.00178
0.00633,-0.00842,-0.00175
0.00649,-0.00793,-0.00092
0.00624,-0.00793,-0.00154
0.00626,-0.00763,-0.00111
0.00652,-0.00792,-0.00070
0.00639,-0.00666,0.00130
0.00620,-0.00643,0.00156
0.00648,-0.00639,0.00263
0.00549,-0.00576,0.00168
0.00583,-0.00641,0.00073
0.00581,-0.00677,0.00008
0.00600,-0.00712,-0.00017
0.00585,-0.00619,0.00117
0.00486,-0.00523,0.00314
0.00517,-0.00552,0.00241
0.00552,-0.00576,0.00280
0.00536,-0.00564,0.00215
0.00635,-0.00937,-0.00196
-0.00125,-0.00893,-0.00177
-0.00178,-0.00879,-0.00188
-0.00152,-0.00881,-0.00186
0.00125,-0.00853,-0.00188
-0.00047,-0.00806,-0.00173
-0.00125,-0.00828,-0.00179
0.00206,-0.00812,-0.00203
0.00221,-0.00813,-0.00210
0.00295,-0.00771,-0.00220
0.00271,-0.00769,-0.00212
0.00414,-0.00807,-0.00246
0.00366,-0.00777,-0.00234
0.00571,-0.00839,-0.00221
0.00466,-0.00784,-0.00235
0.00493,-0.00786,-0.00231
0.00626,-0.00889,-0.00196
0.00598,-0.00870,-0.00214
0.00289,-0.00599,0.00335
0.00329,-0.00564,0.00393
0.00044,-0.00653,0.00365
0.00182,-0.00648,0.00314
0.00139,-0.00651,0.00345
-0.00063,-0.00653,0.00342
0.00492,-0.00526,0.00336
0.00468,-0.00519,0.00340
0.00444,-0.00522,0.00345
0.00377,-0.00538,0.00382
0.00425,-0.00528,0.00372
-0.00180,-0.00624,0.00365
-0.00306,-0.00775,-0.00201
-0.00231,-0.00828,-0.00200
-0.00357,-0.00789,-0.00200
-0.00178,-0.00832,-0.00190
-0.00349,-0.00724,-0.00176
-0.00345,-0.00703,-0.00161
-0.00274,-0.00729,-0.00174
-0.00185,-0.00690,-0.00127
-0.00191,-0.00711,-0.00147
-0.00244,-0.00716,-0.00158
-0.00196,-0.00640,0.00121
-0.00250,-0.00625,0.00177
-0.00358,-0.00562,0.00174
-0.00108,-0.00677,-0.00120
-0.00102,-0.00662,-0.00100
0.00064,-0.00645,-0.00044
-0.00056,-0.00647,-0.00020
-0.00250,-0.00624,0.00222
-0.00216,-0.00634,0.00238
0.00608,-0.00741,-0.00063
0.00603,-0.00820,-0.00194
0.00631,-0.00762,-0.00089
0.00579,-0.00782,-0.00191
0.00585,-0.00761,-0.00170
0.00605,-0.00742,-0.00095
0.00607,-0.00742,-0.00085
0.00572,-0.00720,-0.00124
0.00543,-0.00579,0.00147
0.00525,-0.00564,0.00173
0.00543,-0.00639,0.00014
0.00569,-0.00635,0.00054
0.00574,-0.00628,0.00075
0.00565,-0.00704,-0.00056
0.00556,-0.00601,0.00100
0.00537,-0.00583,0.00126
0.00498,-0.00533,0.00290
0.00469,-0.00535,0.00250
0.00445,-0.00536,0.00255
0.00462,-0.00519,0.00319
0.00523,-0.00554,0.00263
0.00493,-0.00541,0.00246
0.00458,-0.00545,0.00208
-0.00152,-0.00833,-0.00187
0.00127,-0.00806,-0.00182
-0.00071,-0.00777,-0.00169
0.00031,-0.00751,-0.00167
-0.00148,-0.00786,-0.00176
0.00180,-0.00762,-0.00175
0.00212,-0.00764,-0.00183
0.00373,-0.00729,-0.00211
0.00276,-0.00741,-0.00197
0.00395,-0.00743,-0.00222
0.00549,-0.00789,-0.00211
0.00475,-0.00736,-0.00207
0.00423,-0.00733,-0.00213
0.00526,-0.00756,-0.00203
0.00372,-0.00543,0.00361
0.00189,-0.00654,0.00245
0.00296,-0.00613,0.00267
0.00314,-0.00606,0.00240
0.00367,-0.00572,0.00247
0.00434,-0.00528,0.00306
0.00080,-0.00663,0.00313
0.00003,-0.00665,0.00306
0.00141,-0.00660,0.00255
-0.00019,-0.00677,0.00221
-0.00098,-0.00657,0.00304
0.00438,-0.00524,0.00324
-0.00152,-0.00645,0.00293
-0.00202,-0.00786,-0.00187
-0.00300,-0.00728,-0.00178
-0.00327,-0.00737,-0.00186
-0.00247,-0.00731,-0.00169
-0.00131,-0.00739,-0.00158
-0.00143,-0.00653,0.00133
-0.00065,-0.00716,-0.00150
-0.00060,-0.00689,-0.00130
-0.00025,-0.00662,-0.00093
-0.00006,-0.00672,-0.00119
0.00075,-0.00641,-0.00002
-0.00012,-0.00672,0.00152
0.00171,-0.00622,-0.00022
0.00023,-0.00662,-0.00103
0.00101,-0.00650,-0.00097
0.00071,-0.00662,-0.00113
0.00047,-0.00662,-0.00108
0.00154,-0.00643,-0.00086
-0.00126,-0.00663,0.00198
0.00561,-0.00743,-0.00166
0.00554,-0.00705,-0.00098
0.00524,-0.00691,-0.00115
0.00508,-0.00575,0.00109
0.00442,-0.00555,0.00145
0.00536,-0.00689,-0.00072
0.00506,-0.00662,-0.00090
0.00488,-0.00643,-0.00064
0.00475,-0.00613,-0.00018
0.00539,-0.00617,0.00037
0.00526,-0.00592,0.00083
0.00530,-0.00588,0.00105
0.00418,-0.00557,0.00150
0.00392,-0.00556,0.00245
0.00108,-0.00740,-0.00162
0.00137,-0.00698,-0.00148
0.00036,-0.00703,-0.00149
0.00185,-0.00722,-0.00157
0.00259,-0.00720,-0.00165
0.00212,-0.00716,-0.00153
0.00302,-0.00723,-0.00191
0.00430,-0.00698,-0.00186
0.00305,-0.00711,-0.00182
0.00377,-0.00707,-0.00197
0.00532,-0.00740,-0.00182
0.00095,-0.00665,0.00175
0.00180,-0.00644,0.00112
0.00275,-0.00617,0.00136
0.00303,-0.00614,0.00198
0.00291,-0.00618,0.00245
0.00394,-0.00565,0.00155
0.00077,-0.00666,0.00201
-0.00054,-0.00673,0.00183
0.00023,-0.00675,0.00190
0.00018,-0.00671,-0.00124
0.00086,-0.00653,0.00064
0.00091,-0.00651,0.00063
0.00230,-0.00613,0.00010
0.00121,-0.00645,0.00079
0.00213,-0.00626,-0.00053
0.00095,-0.00663,-0.00118
0.00143,-0.00670,-0.00127
0.00171,-0.00664,-0.00116
0.00066,-0.00676,-0.00134
0.00042,-0.00673,-0.00129
0.00222,-0.00668,-0.00114
0.00196,-0.00666,-0.00116
0.00346,-0.00661,-0.00124
0.00477,-0.00653,-0.00107
0.00466,-0.00675,-0.00148
0.00512,-0.00588,0.00086
0.00473,-0.00581,0.00071
0.00425,-0.00569,0.00081
0.00412,-0.00560,0.00128
0.00434,-0.00633,-0.00076
0.00451,-0.00607,-0.00013
0.00515,-0.00603,0.00041
0.00113,-0.00690,-0.00143
0.00167,-0.00677,-0.00132
0.00263,-0.00701,-0.00151
0.00386,-0.00681,-0.00163
0.00441,-0.00666,-0.00144
0.00103,-0.00655,0.00105
0.00324,-0.00589,0.00080
0.00377,-0.00576,0.00091
0.00096,-0.00653,0.00080
0.00254,-0.00608,0.00005
0.00309,-0.00636,-0.00073
0.00268,-0.00621,-0.00038
0.00375,-0.00647,-0.00109
0.00333,-0.00636,-0.00078
0.00409,-0.00594,0.00018
0.00416,-0.00616,-0.00050
0.00342,-0.00587,0.00054
0.00374,-0.00605,-0.00020
0.00344,-0.00614,-0.00036
0.00315,-0.00625,-0.00049
0.00314,-0.00626,-0.00052
0.00338,-0.00627,-0.00057
0.00357,-0.00636,-0.00083
0.00361,-0.00629,-0.00065
0.00362,-0.00626,-0.00062
0.00338,-0.00627,-0.00057
0.00338,-0.00627,-0.00057