-0.002446,-0.018361,0.002718
-0.002370,-0.018404,0.002588
-0.002283,-0.018411,0.002898
-0.002475,-0.018350,0.002768
-0.002439,-0.018353,0.002538
-0.002555,-0.018281,0.002455
-0.001985,-0.018509,0.002847
-0.002309,-0.018375,0.002492
-0.002178,-0.018272,0.003201
-0.002375,-0.018253,0.003073
-0.001888,-0.018444,0.003154
-0.002078,-0.018440,0.003011
-0.002570,-0.018219,0.002944
-0.002763,-0.018159,0.002814
-0.002664,-0.018265,0.002637
-0.002252,-0.018349,0.002404
-0.002129,-0.018258,0.002217
-0.002847,-0.018133,0.002503
-0.002733,-0.018110,0.002320
-0.001785,-0.018514,0.002975
-0.001742,-0.018497,0.002906
-0.001956,-0.018444,0.002605
-0.002423,-0.017929,0.003202
-0.002217,-0.017971,0.003312
-0.001975,-0.018247,0.003327
-0.002626,-0.017886,0.003089
-0.001816,-0.018489,0.003028
-0.001686,-0.018423,0.003280
-0.001584,-0.018501,0.003101
-0.001712,-0.018508,0.003021
-0.002826,-0.017845,0.002967
-0.002947,-0.018043,0.002681
-0.003006,-0.017805,0.002814
-0.001737,-0.018310,0.002475
-0.001816,-0.018242,0.002162
-0.002382,-0.017983,0.001769
-0.003122,-0.017844,0.002545
-0.003166,-0.017751,0.002252
-0.003065,-0.017762,0.002065
-0.001532,-0.018272,0.002600
-0.001470,-0.018477,0.002918
-0.002425,-0.017475,0.003278
-0.002217,-0.017519,0.003384
-0.002007,-0.018014,0.003415
-0.002005,-0.017597,0.003480
-0.001768,-0.018183,0.003451
-0.002634,-0.017434,0.003172
-0.001481,-0.018373,0.003405
-0.001383,-0.018484,0.003228
-0.001271,-0.018484,0.003046
-0.002839,-0.017390,0.003062
-0.003141,-0.017771,0.002587
-0.003194,-0.017528,0.002713
-0.001417,-0.018246,0.002416
-0.001492,-0.018147,0.002103
-0.002259,-0.017893,0.001583
-0.002545,-0.017836,0.001606
-0.003169,-0.017762,0.002505
-0.003294,-0.017624,0.002408
-0.003195,-0.017726,0.002231
-0.003086,-0.017746,0.002050
-0.001151,-0.018416,0.002861
-0.001222,-0.018286,0.002546
-0.001915,-0.016665,0.003481
-0.002749,-0.016494,0.003056
-0.001785,-0.017605,0.003572
-0.001617,-0.018090,0.003535
-0.001544,-0.018106,0.003551
-0.003000,-0.016899,0.002950
-0.001265,-0.018245,0.003526
-0.001173,-0.018405,0.003351
-0.001066,-0.018441,0.003171
-0.000948,-0.018388,0.002987
-0.003205,-0.017310,0.002766
-0.003504,-0.017239,0.002360
-0.001243,-0.018099,0.002157
-0.001060,-0.018139,0.002304
-0.002132,-0.017775,0.001395
-0.001747,-0.017511,0.001262
-0.002319,-0.017676,0.001264
-0.002622,-0.017609,0.001315
-0.003469,-0.017428,0.002272
-0.003377,-0.017580,0.002097
-0.003269,-0.017613,0.001916
-0.003152,-0.017571,0.001733
-0.000895,-0.018153,0.002485
-0.000819,-0.018254,0.002799
-0.001752,-0.016696,0.003528
-0.002488,-0.016088,0.003150
-0.001817,-0.016095,0.003412
-0.002967,-0.015062,0.002548
-0.003111,-0.015281,0.002484
-0.003507,-0.016331,0.002509
-0.003449,-0.015884,0.002486
-0.001520,-0.017201,0.003657
-0.001745,-0.017157,0.003578
-0.001265,-0.017707,0.003712
-0.001284,-0.018153,0.003573
-0.003364,-0.016819,0.002650
-0.001192,-0.018171,0.003563
-0.000845,-0.018268,0.003291
-0.000947,-0.018196,0.003469
-0.000732,-0.018233,0.003105
-0.003678,-0.016613,0.002290
-0.003629,-0.017118,0.002131
-0.000796,-0.017714,0.001943
-0.000762,-0.017988,0.002295
-0.001996,-0.017580,0.001205
-0.001361,-0.017119,0.001148
-0.001678,-0.016825,0.000806
-0.001380,-0.016645,0.000802
-0.002532,-0.017085,0.000800
-0.002834,-0.017008,0.000852
-0.003196,-0.017221,0.001407
-0.003548,-0.017358,0.001960
-0.003444,-0.017420,0.001781
-0.003383,-0.017225,0.001542
-0.000317,-0.017830,0.002560
-0.000602,-0.018110,0.002919
-0.001685,-0.016710,0.003552
-0.002171,-0.015237,0.003221
-0.001832,-0.015762,0.003360
-0.001111,-0.015906,0.003649
-0.003475,-0.014943,0.001957
-0.002479,-0.013423,0.002655
-0.003086,-0.014375,0.002134
-0.003518,-0.015404,0.002222
-0.003535,-0.015479,0.002239
-0.003766,-0.016269,0.002190
-0.003629,-0.015844,0.002334
-0.001074,-0.017289,0.003781
-0.001036,-0.018013,0.003643
-0.001066,-0.017744,0.003735
-0.000619,-0.018061,0.003408
-0.000728,-0.018230,0.003107
-0.000591,-0.017827,0.003650
-0.000773,-0.017795,0.003701
-0.003777,-0.016702,0.001985
-0.003810,-0.016258,0.002109
-0.003773,-0.016715,0.001977
-0.003697,-0.016962,0.001814
-0.000427,-0.016849,0.001479
-0.000415,-0.017699,0.002227
-0.001100,-0.016994,0.001195
-0.002207,-0.016975,0.000741
-0.002292,-0.016465,0.000507
-0.001134,-0.016558,0.000867
-0.001487,-0.016197,0.000596
-0.002692,-0.016767,0.000659
-0.002983,-0.016604,0.000706
-0.003482,-0.017017,0.001453
-0.003563,-0.016257,0.001053
-0.003422,-0.016276,0.000892
-0.003614,-0.016486,0.001302
-0.003539,-0.017203,0.001693
-0.003598,-0.017057,0.001637
0.000088,-0.017574,0.002786
0.000002,-0.017559,0.002476
-0.000040,-0.017706,0.002973
-0.000507,-0.018057,0.003226
-0.000563,-0.016933,0.003950
-0.000777,-0.016433,0.003863
-0.001353,-0.014480,0.003365
-0.001770,-0.013942,0.003227
-0.001912,-0.013453,0.003085
-0.001136,-0.014980,0.003452
-0.000461,-0.016037,0.003926
-0.000765,-0.014264,0.003346
-0.000784,-0.015509,0.003632
-0.000674,-0.015131,0.003513
-0.003352,-0.014498,0.001726
-0.003678,-0.015366,0.002037
-0.002319,-0.012441,0.002551
-0.002600,-0.012374,0.002192
-0.003155,-0.014083,0.001841
-0.002991,-0.013195,0.001716
-0.003770,-0.015810,0.002116
-0.000812,-0.017338,0.003838
-0.000796,-0.017689,0.003755
-0.000391,-0.017827,0.003525
-0.000582,-0.017382,0.003854
-0.000488,-0.017716,0.003702
-0.003855,-0.016239,0.001877
-0.003814,-0.016239,0.001667
-0.003743,-0.016242,0.001443
-0.000267,-0.016887,0.001665
-0.000122,-0.016449,0.001498
-0.000122,-0.016449,0.001498
-0.000342,-0.016611,0.001378
-0.000049,-0.017262,0.002153
-0.002364,-0.015933,0.000257
-0.000844,-0.016290,0.000890
-0.001172,-0.015761,0.000605
-0.002311,-0.015065,-0.000143
-0.002846,-0.016365,0.000510
-0.003275,-0.015754,0.000414
-0.003517,-0.015896,0.000784
-0.003622,-0.015846,0.000964
-0.003772,-0.015775,0.001365
-0.003645,-0.015784,0.001011
0.000121,-0.017452,0.002537
0.000155,-0.017465,0.002694
0.000134,-0.017476,0.003055
0.000403,-0.017065,0.002923
0.000262,-0.017012,0.002320
-0.000046,-0.017569,0.003458
-0.000547,-0.017388,0.003851
-0.000293,-0.017432,0.003791
-0.000331,-0.016976,0.003962
-0.000296,-0.016528,0.004031
-0.000978,-0.012255,0.003110
-0.002014,-0.012906,0.002886
-0.001296,-0.011733,0.002944
-0.000114,-0.016103,0.003991
-0.000166,-0.015850,0.003927
-0.000380,-0.014658,0.003387
-0.000405,-0.013738,0.003297
0.000030,-0.012439,0.003118
-0.000296,-0.011427,0.003036
-0.000398,-0.015117,0.003518
-0.000168,-0.015171,0.003587
0.000009,-0.015346,0.003722
-0.003638,-0.014901,0.001594
-0.003432,-0.014471,0.001419
-0.003761,-0.015342,0.001825
-0.003854,-0.015781,0.001820
-0.002556,-0.011924,0.002115
-0.002458,-0.010553,0.001722
-0.001967,-0.011132,0.002441
-0.002062,-0.012037,0.002649
-0.002724,-0.011411,0.001566
-0.003273,-0.014035,0.001213
-0.003117,-0.013621,0.001513
-0.002942,-0.012727,0.001259
-0.003032,-0.013155,0.001002
-0.000113,-0.017458,0.003656
-0.000188,-0.017447,0.003709
-0.003853,-0.015779,0.001804
-0.003847,-0.015772,0.001571
0.000030,-0.016485,0.001698
0.000425,-0.016673,0.002381
-0.000122,-0.016449,0.001498
-0.000278,-0.016411,0.001306
-0.002916,-0.015885,0.000259
-0.002860,-0.015815,0.000179
-0.002718,-0.015577,-0.000013
-0.002665,-0.015458,-0.000081
-0.000178,-0.015970,0.001213
0.000200,-0.014672,0.001256
-0.001233,-0.014829,0.000400
-0.002549,-0.015017,-0.000229
-0.002458,-0.014574,-0.000278
-0.001954,-0.014217,-0.000137
-0.003286,-0.015352,0.000103
-0.003402,-0.015809,0.000593
-0.003419,-0.015335,0.000269
-0.003539,-0.015791,0.000756
-0.003633,-0.015324,0.000891
-0.003558,-0.014880,0.000883
-0.003793,-0.015323,0.001548
-0.003741,-0.015323,0.001328
-0.003657,-0.015237,0.001118
0.000389,-0.017049,0.002658
0.000321,-0.017119,0.003383
0.000566,-0.016651,0.003228
0.000737,-0.016217,0.003029
0.000262,-0.017068,0.003592
-0.000243,-0.017355,0.003813
-0.000297,-0.016981,0.003960
-0.000155,-0.016555,0.004022
-0.000524,-0.009585,0.002796
-0.001437,-0.011244,0.002792
0.000010,-0.016582,0.003977
0.000136,-0.015686,0.003845
0.000163,-0.016151,0.003921
-0.000051,-0.014722,0.003468
-0.000206,-0.014233,0.003346
0.000146,-0.013837,0.003288
0.000362,-0.012956,0.003075
0.000046,-0.011984,0.003071
0.000303,-0.011569,0.002930
0.000051,-0.011141,0.002968
0.000187,-0.014825,0.003516
0.000293,-0.015249,0.003638
-0.003776,-0.015336,0.001749
-0.003644,-0.014886,0.001336
-0.003467,-0.014616,0.000908
-0.003272,-0.014032,0.001135
-0.002568,-0.010523,0.001475
-0.001831,-0.008849,0.001876
-0.002019,-0.009955,0.002007
-0.001546,-0.010299,0.002539
-0.002708,-0.010941,0.001185
-0.003139,-0.013593,0.000989
-0.002762,-0.011377,0.000952
-0.003015,-0.013152,0.000857
-0.002746,-0.011828,0.000765
-0.002894,-0.012715,0.000781
-0.000055,-0.017023,0.003891
0.000103,-0.017073,0.003745
0.000408,-0.016105,0.002046
0.000114,-0.016160,0.001612
0.000811,-0.015750,0.002511
0.000726,-0.016208,0.002869
-0.000006,-0.016008,0.001379
-0.003027,-0.015559,0.000041
-0.002934,-0.015408,-0.000087
-0.002817,-0.015430,-0.000095
-0.000495,-0.013610,0.000749
0.000541,-0.014748,0.001594
0.000100,-0.013735,0.001116
-0.001097,-0.013483,0.000392
-0.001709,-0.013811,-0.000019
-0.002883,-0.015302,-0.000153
-0.002779,-0.014973,-0.000271
-0.002554,-0.014556,-0.000290
-0.002173,-0.014172,-0.000226
-0.002397,-0.013675,-0.000234
-0.002672,-0.014078,-0.000302
-0.002263,-0.013700,-0.000212
-0.003106,-0.015380,-0.000032
-0.003420,-0.015319,0.000267
-0.003301,-0.015255,0.000082
-0.003584,-0.015323,0.000669
-0.003516,-0.015327,0.000460
-0.003506,-0.015116,0.000440
-0.003530,-0.014876,0.000647
0.000505,-0.016650,0.003442
0.000692,-0.016219,0.003254
0.000873,-0.015787,0.003062
0.000789,-0.015780,0.003260
0.000899,-0.015780,0.002824
0.000272,-0.016621,0.003796
0.000026,-0.016806,0.003915
-0.000586,-0.008653,0.002593
-0.000879,-0.009053,0.002556
0.000001,-0.009682,0.002830
-0.000303,-0.009167,0.002749
-0.001259,-0.009898,0.002587
-0.001372,-0.009412,0.002395
0.000106,-0.016597,0.003940
0.000315,-0.015389,0.003669
0.000703,-0.015314,0.003401
0.000658,-0.015764,0.003429
0.000389,-0.014102,0.003302
0.000203,-0.014770,0.003499
0.000607,-0.013916,0.003164
0.000724,-0.013215,0.002898
0.000317,-0.011112,0.002881
0.000666,-0.012085,0.002719
0.000515,-0.011142,0.002758
0.000482,-0.014820,0.003451
0.000489,-0.014895,0.003465
-0.003412,-0.014450,0.000844
-0.003289,-0.014021,0.000947
-0.003139,-0.013593,0.000989
-0.001897,-0.008284,0.001622
-0.002654,-0.010493,0.001145
-0.002595,-0.010046,0.001120
-0.002357,-0.009185,0.001323
-0.000936,-0.008120,0.002344
-0.002713,-0.010928,0.000927
-0.003139,-0.013593,0.000989
-0.002696,-0.011380,0.000741
-0.003164,-0.013576,0.000718
-0.002706,-0.012733,0.000398
-0.002814,-0.012720,0.000580
-0.002640,-0.011840,0.000581
-0.003098,-0.013452,0.000491
0.001121,-0.014892,0.002434
0.001025,-0.015333,0.002522
0.000677,-0.014858,0.001808
0.001123,-0.014429,0.002292
-0.000981,-0.012589,0.000347
0.000137,-0.012831,0.001201
-0.001259,-0.012992,0.000283
0.000831,-0.013894,0.001710
0.000704,-0.013407,0.001542
0.000316,-0.013324,0.001282
-0.001699,-0.013358,0.000038
-0.002403,-0.013222,-0.000108
-0.002960,-0.014940,-0.000247
-0.002936,-0.014487,-0.000288
-0.002709,-0.014526,-0.000313
-0.002665,-0.013570,-0.000231
-0.002836,-0.014049,-0.000280
-0.003185,-0.014904,-0.000142
-0.003105,-0.014917,-0.000182
-0.003437,-0.014873,0.000200
-0.003334,-0.014883,0.000014
-0.003370,-0.014428,0.000187
0.000942,-0.015547,0.003075
0.001077,-0.015360,0.002885
0.000863,-0.015336,0.003252
0.001056,-0.015344,0.002617
-0.000511,-0.008207,0.002542
0.000093,-0.009216,0.002754
0.000624,-0.009331,0.002601
0.000876,-0.014881,0.003204
0.000846,-0.013133,0.002712
0.000956,-0.013840,0.002871
0.000812,-0.012560,0.002619
0.000772,-0.012131,0.002540
0.000750,-0.011630,0.002463
0.000664,-0.011164,0.002603
0.000675,-0.010707,0.002552
-0.003253,-0.013994,0.000205
-0.002294,-0.007812,0.000988
-0.001704,-0.007493,0.001646
-0.002671,-0.010479,0.000897
-0.002533,-0.009132,0.000817
-0.002628,-0.010028,0.000868
-0.002580,-0.009579,0.000842
-0.002432,-0.008235,0.000769
-0.000609,-0.007269,0.002400
-0.001293,-0.006210,0.001872
-0.002645,-0.010931,0.000717
-0.002306,-0.011429,0.000236
-0.002504,-0.011857,0.000416
-0.003055,-0.013567,0.000027
-0.002927,-0.013145,0.000308
-0.002596,-0.012821,0.000226
-0.002559,-0.012752,0.000240
-0.002399,-0.012328,0.000289
0.001201,-0.014915,0.002655
0.001196,-0.014446,0.002384
0.000922,-0.013917,0.001846
0.001096,-0.013963,0.002171
0.001207,-0.013994,0.002438
-0.000311,-0.012269,0.000664
-0.001434,-0.012039,0.000109
-0.000695,-0.012187,0.000396
0.000168,-0.012839,0.001230
0.000190,-0.012384,0.001186
-0.001963,-0.012855,0.000095
-0.001668,-0.012453,0.000132
0.001002,-0.013479,0.001949
0.000866,-0.013346,0.001739
0.000697,-0.013107,0.001601
-0.002430,-0.013218,-0.000106
-0.002346,-0.012787,0.000127
-0.002502,-0.012964,0.000051
-0.003165,-0.014449,-0.000186
-0.002700,-0.013172,-0.000049
-0.002927,-0.013582,-0.000143
-0.003013,-0.013853,-0.000164
-0.003297,-0.014433,-0.000019
-0.003199,-0.013994,-0.000012
0.001077,-0.015360,0.002885
0.001000,-0.015354,0.003088
0.001077,-0.015360,0.002885
0.001048,-0.014907,0.003063
-0.000158,-0.007359,0.002554
0.000490,-0.007935,0.002593
0.000863,-0.009818,0.002308
0.000852,-0.009362,0.002400
0.001003,-0.008022,0.002425
0.001037,-0.014444,0.002998
0.001087,-0.013685,0.002682
0.000950,-0.013187,0.002532
0.000859,-0.012559,0.002395
0.001167,-0.014001,0.002772
0.000806,-0.012089,0.002302
0.000911,-0.012800,0.002206
0.000755,-0.011619,0.002211
0.000745,-0.011170,0.002402
0.000753,-0.010712,0.002345
-0.002500,-0.007749,0.000411
-0.002654,-0.006787,-0.000072
-0.002369,-0.006871,0.000638
-0.002130,-0.006933,0.001051
-0.001979,-0.006054,0.001206
-0.002606,-0.010481,0.000686
-0.002539,-0.008660,0.000500
-0.002572,-0.010029,0.000651
-0.000696,-0.005881,0.002310
-0.000105,-0.006912,0.002540
-0.001790,-0.004951,0.001526
-0.002184,-0.010985,0.000005
-0.002127,-0.011570,0.000115
-0.002118,-0.011916,0.000164
-0.002835,-0.013136,0.000113
-0.002810,-0.013156,0.000070
-0.002262,-0.012648,0.000163
-0.001951,-0.012404,0.000147
0.001198,-0.014919,0.002758
0.001251,-0.014472,0.002743
0.001278,-0.014473,0.002649
0.001083,-0.013508,0.002266
0.001233,-0.014004,0.002561
0.001183,-0.013814,0.002506
0.000121,-0.011904,0.000922
-0.000681,-0.011264,0.000069
-0.001676,-0.011353,-0.000132
-0.001857,-0.011894,0.000075
0.000353,-0.012422,0.001366
0.000955,-0.013020,0.002100
0.000860,-0.012990,0.001807
0.000671,-0.012496,0.001741
0.001182,-0.014924,0.002897
0.001213,-0.014471,0.002861
0.001156,-0.014462,0.002899
0.000359,-0.006542,0.002589
0.000656,-0.007508,0.002562
0.000861,-0.010265,0.002109
0.001028,-0.009383,0.002105
0.000864,-0.009810,0.002307
0.001118,-0.008495,0.002305
0.001330,-0.007621,0.002330
0.001202,-0.014361,0.002840
0.001043,-0.013337,0.002357
0.000730,-0.012063,0.001998
0.000753,-0.011617,0.002201
0.000810,-0.012531,0.001962
0.000715,-0.011142,0.001885
-0.002544,-0.008188,0.000185
-0.002548,-0.005911,0.000348
-0.002683,-0.007166,-0.000538
-0.002515,-0.008183,-0.000051
-0.002894,-0.006371,-0.000520
-0.002825,-0.006730,-0.000689
-0.002135,-0.006303,0.000969
-0.002413,-0.005336,0.000670
-0.002272,-0.005075,0.000936
-0.002376,-0.010048,0.000271
-0.002506,-0.009114,0.000325
-0.000492,-0.005470,0.002495
-0.000058,-0.006352,0.002552
-0.002311,-0.004618,0.001073
-0.001832,-0.004277,0.001703
-0.000685,-0.004806,0.002465
-0.000941,-0.003566,0.002627
-0.001980,-0.011286,-0.000080
-0.002040,-0.011005,-0.000153
-0.002187,-0.010462,-0.000063
-0.002082,-0.010537,-0.000239
-0.001937,-0.011486,-0.000028
0.000228,-0.011382,0.000832
-0.001108,-0.010194,-0.000421
-0.000563,-0.009220,-0.000702
-0.000065,-0.010463,0.000097
0.000170,-0.010983,0.000538
-0.001484,-0.010710,-0.000343
-0.001785,-0.011048,-0.000239
0.000457,-0.011522,0.001249
0.000540,-0.012009,0.001580
0.000703,-0.007059,0.002557
0.000739,-0.006553,0.002579
0.001305,-0.006713,0.002535
0.000208,-0.005828,0.002656
0.000875,-0.010245,0.001609
0.001228,-0.008954,0.001926
0.001375,-0.008078,0.002163
0.000996,-0.009801,0.001378
0.001699,-0.007229,0.002263
0.001493,-0.007196,0.002380
0.000715,-0.010659,0.001306
-0.002409,-0.008654,-0.000177
-0.002856,-0.005385,0.000028
-0.003079,-0.005775,-0.000576
-0.002563,-0.005457,0.000444
-0.002457,-0.007847,-0.000562
-0.002842,-0.006714,-0.000949
-0.002896,-0.006574,-0.001002
-0.003181,-0.006178,-0.001380
-0.002717,-0.004081,0.000913
-0.000046,-0.005368,0.002690
-0.000290,-0.004833,0.002720
-0.002540,-0.004120,0.001073
-0.002061,-0.003749,0.001709
-0.002411,-0.003700,0.001382
-0.002561,-0.003850,0.001149
-0.001137,-0.003446,0.002513
-0.001539,-0.003442,0.002264
-0.001736,-0.003401,0.002138
-0.000553,-0.004102,0.002813
-0.000380,-0.003689,0.003050
-0.001140,-0.003072,0.002578
-0.000749,-0.003156,0.002831
-0.001868,-0.011033,-0.000221
-0.001824,-0.010937,-0.000278
-0.001912,-0.010561,-0.000381
-0.002082,-0.010516,-0.000242
-0.002125,-0.009609,-0.000383
0.000795,-0.010205,0.001047
0.000443,-0.010555,0.000613
-0.001646,-0.010408,-0.000484
-0.001520,-0.010633,-0.000375
0.000174,-0.009011,-0.000512
0.000200,-0.010200,0.000160
-0.000041,-0.008140,-0.000928
-0.001448,-0.009720,-0.000696
0.000600,-0.009494,0.000074
0.001021,-0.006209,0.002626
0.001682,-0.006777,0.002449
0.000694,-0.005137,0.002879
0.001703,-0.007678,0.002069
0.001723,-0.008119,0.001630
0.001605,-0.008169,0.001814
0.000868,-0.010157,0.001341
0.001052,-0.009583,0.001132
0.001699,-0.007229,0.002263
0.001700,-0.007229,0.002262
-0.002037,-0.009158,-0.000637
-0.002140,-0.009381,-0.000420
-0.003229,-0.004779,-0.000172
-0.002997,-0.004334,0.000426
-0.003406,-0.005867,-0.001415
-0.003379,-0.004815,-0.000386
-0.003526,-0.004857,-0.000606
-0.003376,-0.005438,-0.000943
-0.002646,-0.007060,-0.001035
-0.002521,-0.007219,-0.001188
-0.002250,-0.007969,-0.000921
-0.002712,-0.006886,-0.001352
-0.002968,-0.006451,-0.001316
-0.003323,-0.006097,-0.001587
-0.003148,-0.006292,-0.001451
-0.002733,-0.003626,0.001012
-0.002883,-0.003588,0.000812
-0.002875,-0.004044,0.000726
-0.000126,-0.004229,0.003002
-0.000014,-0.004661,0.002875
-0.002733,-0.003626,0.001012
-0.002271,-0.003282,0.001673
-0.002100,-0.003320,0.001840
-0.002577,-0.003662,0.001206
-0.002574,-0.003209,0.001273
-0.002511,-0.003225,0.001356
-0.001338,-0.003031,0.002454
-0.001729,-0.002948,0.002199
-0.001921,-0.003331,0.001999
-0.001913,-0.002907,0.002054
-0.000556,-0.003197,0.002963
-0.000166,-0.003652,0.003158
0.000296,-0.003822,0.003285
-0.000082,-0.004199,0.003027
-0.000150,-0.003281,0.003192
-0.000360,-0.003237,0.003090
-0.000875,-0.002668,0.002662
-0.001281,-0.002584,0.002432
-0.000675,-0.002709,0.002782
-0.001942,-0.010288,-0.000434
-0.001721,-0.010132,-0.000566
-0.001967,-0.010090,-0.000475
-0.002001,-0.009624,-0.000555
0.000768,-0.009719,0.000462
0.000482,-0.008712,-0.000514
-0.000879,-0.008557,-0.000986
-0.000422,-0.007606,-0.001126
0.000037,-0.007697,-0.000984
0.000702,-0.007828,-0.000732
-0.001719,-0.009670,-0.000699
-0.001588,-0.009231,-0.000843
-0.001248,-0.009023,-0.000910
0.000759,-0.008419,-0.000466
0.000834,-0.009263,0.000182
0.002573,-0.006817,0.002262
0.002763,-0.006520,0.002452
0.001913,-0.007264,0.002151
0.001408,-0.004928,0.003055
0.001895,-0.006371,0.002534
0.001743,-0.005440,0.002930
0.001143,-0.004735,0.003115
0.001103,-0.004424,0.003231
0.000814,-0.003918,0.003331
0.000548,-0.003871,0.003318
0.001871,-0.007637,0.001917
0.001463,-0.008786,0.001042
0.001961,-0.007711,0.001730
0.001605,-0.008519,0.000853
0.002158,-0.007718,0.001098
0.001361,-0.008900,0.000738
-0.001852,-0.009185,-0.000768
-0.001996,-0.008430,-0.000955
-0.003426,-0.004356,-0.000236
-0.003289,-0.004392,-0.000013
-0.003278,-0.004395,0.000001
-0.003208,-0.003962,0.000245
-0.003027,-0.004007,0.000527
-0.003487,-0.005810,-0.001727
-0.003520,-0.005653,-0.001515
-0.003580,-0.004766,-0.000651
-0.003501,-0.004336,-0.000401
-0.003626,-0.004958,-0.000910
-0.003634,-0.005181,-0.001386
-0.002447,-0.007225,-0.001385
-0.002443,-0.007227,-0.001391
-0.002286,-0.007563,-0.001248
-0.002773,-0.006671,-0.001670
-0.002612,-0.006979,-0.001529
-0.002876,-0.006601,-0.001491
-0.003259,-0.006149,-0.001698
-0.003389,-0.005920,-0.001904
-0.003047,-0.006378,-0.001629
-0.003243,-0.006147,-0.001783
-0.002824,-0.003142,0.000785
-0.002756,-0.003161,0.000939
-0.002733,-0.003626,0.001012
-0.003012,-0.003554,0.000574
-0.003012,-0.003565,0.000573
-0.002241,-0.002832,0.001695
-0.002395,-0.002796,0.001499
-0.002082,-0.002869,0.001884
-0.002708,-0.003175,0.001045
-0.002517,-0.002763,0.001252
-0.002621,-0.002730,0.000974
-0.001476,-0.002543,0.002305
-0.001844,-0.002462,0.002013
-0.000478,-0.002751,0.002908
0.000081,-0.003326,0.003260
0.000568,-0.003472,0.003350
0.000313,-0.003370,0.003329
-0.000282,-0.002792,0.003034
-0.000028,-0.002843,0.003144
-0.000755,-0.002228,0.002537
-0.000965,-0.002185,0.002435
-0.001360,-0.002103,0.002186
-0.000544,-0.002272,0.002638
-0.001804,-0.009656,-0.000678
-0.001528,-0.008314,-0.001178
-0.001174,-0.007918,-0.001255
-0.000634,-0.007497,-0.001216
-0.000534,-0.007120,-0.001318
-0.001064,-0.007476,-0.001416
-0.000237,-0.006719,-0.001286
0.000332,-0.007295,-0.000948
0.000113,-0.007211,-0.001030
0.000192,-0.006806,-0.001095
0.001087,-0.007911,-0.000467
0.000982,-0.007426,-0.000672
-0.001694,-0.008749,-0.000976
0.001131,-0.008388,-0.000163
0.001390,-0.008451,0.000194
0.003024,-0.006410,0.002498
0.002120,-0.007246,0.002027
0.002439,-0.007182,0.001969
0.002876,-0.006882,0.002210
0.002056,-0.005787,0.002816
0.002275,-0.005641,0.002937
0.002903,-0.006102,0.002744
0.001905,-0.005022,0.003130
0.001371,-0.004509,0.003232
0.001747,-0.004541,0.003223
0.001966,-0.005484,0.002974
0.001083,-0.003969,0.003336
0.001365,-0.004020,0.003321
0.001419,-0.003573,0.003303
0.002169,-0.007302,0.001938
0.002322,-0.007419,0.001671
0.002268,-0.007317,0.001877
0.001559,-0.008498,0.000560
0.002691,-0.007152,0.001113
-0.001859,-0.008228,-0.001146
-0.003405,-0.003905,-0.000198
-0.003382,-0.003914,-0.000125
-0.003289,-0.004373,-0.000009
-0.003225,-0.003491,0.000027
-0.003129,-0.003522,0.000318
-0.003618,-0.005269,-0.001879
-0.003526,-0.005427,-0.002053
-0.003631,-0.004296,-0.000743
-0.003707,-0.004729,-0.000990
-0.003469,-0.003879,-0.000542
-0.003700,-0.004839,-0.001225
-0.003711,-0.004706,-0.001502
-0.003676,-0.004837,-0.001716
-0.003724,-0.004714,-0.001256
-0.003635,-0.005158,-0.001903
-0.002446,-0.007224,-0.001392
-0.002167,-0.007507,-0.001433
-0.002439,-0.007224,-0.001398
-0.002588,-0.006724,-0.001799
-0.002924,-0.006289,-0.001815
-0.002328,-0.007197,-0.001574
-0.003351,-0.005656,-0.002166
-0.003272,-0.005878,-0.002088
-0.003102,-0.006112,-0.001950
-0.003175,-0.006157,-0.001837
-0.002904,-0.003119,0.000586
-0.002700,-0.002704,0.000665
-0.003009,-0.003537,0.000572
-0.002158,-0.002388,0.001631
-0.002272,-0.002357,0.001400
-0.002365,-0.002291,0.001079
-0.002557,-0.002424,0.000467
-0.001787,-0.002266,0.001951
-0.001545,-0.002062,0.002041
-0.000240,-0.002663,0.002986
-0.000334,-0.002314,0.002743
0.000156,-0.002881,0.003210
0.000582,-0.003358,0.003345
0.000397,-0.002927,0.003262
0.000287,-0.002530,0.003053
0.000108,-0.002367,0.002918
-0.000823,-0.001837,0.002258
-0.000638,-0.001949,0.002390
-0.001013,-0.001759,0.002127
-0.001411,-0.001750,0.001873
-0.000453,-0.002063,0.002523
-0.001872,-0.007633,-0.001482
-0.001662,-0.007824,-0.001404
-0.000813,-0.007336,-0.001351
-0.001159,-0.006215,-0.001965
-0.000071,-0.005830,-0.001415
-0.000009,-0.006767,-0.001163
0.000383,-0.005944,-0.001269
0.000508,-0.006407,-0.001092
0.001859,-0.007603,0.000133
0.001573,-0.008023,0.000079
0.001429,-0.007061,-0.000436
0.001130,-0.006536,-0.000770
0.002132,-0.007724,0.000575
0.003187,-0.006884,0.002156
0.003155,-0.006587,0.002351
0.003012,-0.006119,0.002708
0.003205,-0.006149,0.002581
0.002543,-0.007246,0.001790
0.002753,-0.007162,0.001914
0.002924,-0.006991,0.002114
0.003039,-0.007011,0.002077
0.002872,-0.005839,0.002836
0.002655,-0.005607,0.002923
0.002358,-0.005556,0.002980
0.002267,-0.005088,0.003116
0.002256,-0.004630,0.003128
0.002133,-0.004154,0.003167
0.001967,-0.004126,0.003227
0.001612,-0.003606,0.003273
0.000920,-0.003023,0.003265
0.001253,-0.003081,0.003231
0.001564,-0.003137,0.003183
0.002491,-0.007342,0.001516
0.002409,-0.007336,0.001716
0.003021,-0.006489,0.000680
0.003054,-0.006731,0.001039
0.002655,-0.007238,0.001608
0.002993,-0.007034,0.001544
0.003129,-0.006840,0.001353
-0.003259,-0.003429,-0.000361
-0.003047,-0.003055,-0.000272
-0.002926,-0.003110,0.000507
-0.003561,-0.005163,-0.002108
-0.003435,-0.005177,-0.002280
-0.003493,-0.003856,-0.000952
-0.003686,-0.004273,-0.001034
-0.003489,-0.003868,-0.000705
-0.003722,-0.004717,-0.001168
-0.003683,-0.004269,-0.001161
-0.003014,-0.003041,-0.000696
-0.003681,-0.004701,-0.001736
-0.003636,-0.004524,-0.001730
-0.003577,-0.004264,-0.001725
-0.003679,-0.004265,-0.001284
-0.003634,-0.004699,-0.001960
-0.002036,-0.007289,-0.001630
-0.002030,-0.007301,-0.001624
-0.002353,-0.006693,-0.001906
-0.002770,-0.006227,-0.001978
-0.002316,-0.006770,-0.001873
-0.002855,-0.006214,-0.001916
-0.003021,-0.006183,-0.001890
-0.003154,-0.005686,-0.002290
-0.003298,-0.005199,-0.002389
-0.003260,-0.005204,-0.002418
-0.002972,-0.005972,-0.002138
-0.002796,-0.006153,-0.002003
-0.002756,-0.002676,0.000297
-0.001839,-0.001977,0.001629
-0.001957,-0.001953,0.001297
-0.001972,-0.001939,0.001032
-0.002227,-0.002081,0.000888
-0.002421,-0.002300,0.000717
-0.002662,-0.002553,0.000163
-0.002440,-0.002376,0.000282
-0.002422,-0.002291,0.000536
-0.001711,-0.002023,0.001867
-0.001619,-0.001817,0.001749
-0.000128,-0.002356,0.002852
-0.000265,-0.002162,0.002655
0.000661,-0.002976,0.003277
0.000457,-0.002768,0.003191
0.000429,-0.002291,0.002860
0.000583,-0.002491,0.002983
-0.000077,-0.002249,0.002786
0.000245,-0.002161,0.002727
-0.000520,-0.001801,0.002221
-0.000763,-0.001755,0.002174
-0.000320,-0.001898,0.002333
-0.000878,-0.001571,0.001937
-0.001156,-0.001672,0.001922
-0.001284,-0.001638,0.001687
-0.000132,-0.001991,0.002465
-0.001712,-0.007245,-0.001682
-0.001192,-0.005589,-0.002265
-0.001875,-0.006956,-0.001822
-0.001697,-0.006433,-0.002028
-0.001306,-0.006030,-0.002149
-0.001140,-0.005141,-0.002278
0.000250,-0.004980,-0.001350
-0.000560,-0.004811,-0.001813
0.000611,-0.005966,-0.001191
0.000718,-0.005071,-0.001223
0.000923,-0.006412,-0.000866
0.000741,-0.006271,-0.001000
0.002161,-0.007221,0.000154
0.001711,-0.006659,-0.000379
0.001285,-0.005646,-0.000881
0.001890,-0.005961,-0.000560
0.002346,-0.006796,0.000089
0.002878,-0.006453,0.000466
0.002724,-0.006416,0.000271
0.003295,-0.006917,0.001975
0.003349,-0.006616,0.002225
0.003442,-0.006181,0.002305
0.003173,-0.005695,0.002757
0.003285,-0.005913,0.002603
0.003252,-0.005707,0.002689
0.002866,-0.007156,0.001731
0.003075,-0.007079,0.001855
0.002856,-0.005643,0.002894
0.002754,-0.005169,0.002930
0.002528,-0.005133,0.003035
0.002332,-0.004643,0.003102
0.002348,-0.004167,0.003052
0.002130,-0.003694,0.003108
0.002315,-0.003722,0.002976
0.001893,-0.003655,0.003204
0.001834,-0.003299,0.003123
0.001797,-0.003174,0.003083
0.001243,-0.003052,0.003221
0.001082,-0.002747,0.003080
0.000774,-0.002724,0.003134
0.001549,-0.003093,0.003168
0.003265,-0.006556,0.001176
0.003123,-0.006047,0.000583
0.003233,-0.006202,0.000833
0.003203,-0.006947,0.001667
0.003130,-0.007013,0.001776
0.003377,-0.006588,0.001441
-0.002898,-0.002844,0.000049
-0.003004,-0.002986,-0.000254
-0.002872,-0.002827,-0.000443
-0.003537,-0.004708,-0.002150
-0.003401,-0.004725,-0.002315
-0.003477,-0.003848,-0.001207
-0.002945,-0.003043,-0.000969
-0.003009,-0.003041,-0.000756
-0.003608,-0.004107,-0.001258
-0.002981,-0.003000,-0.000744
-0.003506,-0.004268,-0.001932
-0.003488,-0.004236,-0.001925
-0.003349,-0.003828,-0.001635
-0.002669,-0.006035,-0.002190
-0.002470,-0.006275,-0.002100
-0.002039,-0.006677,-0.001962
-0.002058,-0.006126,-0.002296
-0.002686,-0.005470,-0.002525
-0.002225,-0.005865,-0.002435
-0.003029,-0.005243,-0.002519
-0.002992,-0.005426,-0.002472
-0.003217,-0.004755,-0.002446
-0.002763,-0.002667,0.000112
-0.001920,-0.001925,0.001317
-0.001703,-0.001781,0.001438
-0.001491,-0.001690,0.001561
-0.001795,-0.001821,0.001130
-0.001864,-0.001952,0.000850
-0.001687,-0.001851,0.000950
-0.002330,-0.002203,0.000584
-0.002112,-0.002057,0.000705
-0.002548,-0.002537,-0.000020
-0.002337,-0.002450,0.000104
-0.002223,-0.002244,0.000404
-0.002190,-0.002325,0.000335
-0.002133,-0.002408,0.000229
0.000057,-0.002070,0.002596
0.000550,-0.002214,0.002674
0.000732,-0.002358,0.002808
0.000879,-0.002544,0.002926
0.000364,-0.002110,0.002543
-0.000470,-0.001810,0.002227
-0.000505,-0.001780,0.002201
-0.000687,-0.001644,0.002067
-0.000231,-0.001849,0.002131
-0.000016,-0.001955,0.002281
-0.001280,-0.001637,0.001677
-0.000965,-0.001561,0.001627
-0.000571,-0.001612,0.001884
0.000173,-0.002034,0.002412
-0.001389,-0.005547,-0.002389
-0.001336,-0.005100,-0.002403
-0.001718,-0.005897,-0.002361
-0.001517,-0.005986,-0.002250
-0.001346,-0.004645,-0.002315
-0.000491,-0.003912,-0.001781
-0.000228,-0.003508,-0.001694
-0.001146,-0.004518,-0.002169
-0.000949,-0.004275,-0.001997
0.001027,-0.003764,-0.001065
0.001424,-0.003847,-0.000820
0.001769,-0.004379,-0.000563
0.002292,-0.006783,0.000010
0.002244,-0.006304,-0.000287
0.002055,-0.006234,-0.000420
0.002144,-0.005521,-0.000452
0.002133,-0.005818,-0.000481
0.002968,-0.006021,0.000388
0.002974,-0.006011,0.000391
0.002664,-0.005936,-0.000008
0.002825,-0.005975,0.000175
0.003430,-0.006726,0.001784
0.003463,-0.006630,0.002046
0.003471,-0.006214,0.002252
0.003571,-0.006193,0.002060
0.003550,-0.005740,0.002243
0.002983,-0.005207,0.002828
0.003349,-0.005261,0.002562
0.003341,-0.005473,0.002583
0.003340,-0.005719,0.002614
0.002753,-0.004709,0.002872
0.002965,-0.005095,0.002803
0.002537,-0.004216,0.002926
0.002457,-0.003741,0.002816
0.002495,-0.003882,0.002857
0.002110,-0.003585,0.003081
0.002234,-0.003487,0.002894
0.001940,-0.003194,0.002924
0.001957,-0.003210,0.002937
0.001678,-0.002959,0.002980
0.001387,-0.002796,0.003028
0.000905,-0.002570,0.002945
0.001205,-0.002653,0.002894
0.003501,-0.006147,0.001309
0.003466,-0.006137,0.001227
0.003390,-0.006116,0.001042
0.003302,-0.005633,0.000806
0.002972,-0.005992,0.000387
0.003394,-0.006593,0.001492
-0.002769,-0.002705,-0.000139
-0.002655,-0.002693,-0.000322
-0.002756,-0.002795,-0.000626
-0.002549,-0.002733,-0.000502
-0.003257,-0.004298,-0.002277
-0.002985,-0.003215,-0.001226
-0.002848,-0.003052,-0.001159
-0.002862,-0.002936,-0.000929
-0.002751,-0.002942,-0.001111
-0.002646,-0.002806,-0.000808
-0.003012,-0.003890,-0.002171
-0.002891,-0.003546,-0.001884
-0.001887,-0.005655,-0.002499
-0.002080,-0.005411,-0.002598
-0.002936,-0.005258,-0.002536
-0.002347,-0.005362,-0.002608
-0.002988,-0.004791,-0.002550
-0.002720,-0.002666,-0.000113
-0.001585,-0.001731,0.001254
-0.001379,-0.001683,0.001379
-0.001205,-0.001643,0.001484
-0.001479,-0.001784,0.001074
-0.001803,-0.002075,0.000651
-0.001620,-0.001993,0.000817
-0.001393,-0.001983,0.000901
-0.002446,-0.002615,-0.000198
-0.002242,-0.002583,-0.000072
-0.001716,-0.002270,0.000477
-0.001674,-0.002421,0.000385
0.000658,-0.002245,0.002494
0.000843,-0.002365,0.002626
0.001024,-0.002509,0.002760
0.000950,-0.002555,0.002873
0.000468,-0.002166,0.002363
-0.000386,-0.001725,0.002016
-0.000313,-0.001824,0.001880
0.000087,-0.002027,0.002103
0.000278,-0.002096,0.002233
-0.000674,-0.001728,0.001580
-0.001156,-0.001652,0.001473
-0.001602,-0.005504,-0.002487
-0.001553,-0.005056,-0.002496
-0.001793,-0.004906,-0.002533
-0.001829,-0.004305,-0.002378
-0.001402,-0.004085,-0.002134
-0.000938,-0.003823,-0.001944
-0.000694,-0.003416,-0.001824
-0.000704,-0.003289,-0.001788
-0.000374,-0.003029,-0.001610
-0.000244,-0.003053,-0.001594
0.000254,-0.003151,-0.001448
0.000440,-0.003188,-0.001375
-0.001226,-0.003378,-0.001856
-0.001097,-0.003793,-0.001975
0.001243,-0.003356,-0.000900
0.000850,-0.003273,-0.001152
0.001807,-0.003929,-0.000552
0.001633,-0.003439,-0.000644
0.001988,-0.003971,-0.000403
0.002323,-0.004500,-0.000128
0.002323,-0.005860,-0.000345
0.002533,-0.005449,-0.000168
0.002703,-0.005488,-0.000000
0.003473,-0.006617,0.001732
0.003490,-0.006624,0.001809
0.003619,-0.006192,0.001837
0.003622,-0.005745,0.002037
0.003555,-0.005283,0.002189
0.003397,-0.004801,0.002281
0.003104,-0.004763,0.002596
0.003241,-0.004681,0.002420
0.002697,-0.004240,0.002778
0.002858,-0.004360,0.002642
0.002540,-0.003748,0.002616
0.002341,-0.003521,0.002714
0.002610,-0.003858,0.002674
0.002058,-0.003296,0.002759
0.001866,-0.003240,0.002629
0.001823,-0.003164,0.002710
0.001778,-0.003043,0.002802
0.001497,-0.002806,0.002846
0.001121,-0.002624,0.002583
0.001311,-0.002705,0.002714
0.003576,-0.006172,0.001554
0.003557,-0.005700,0.001290
0.003444,-0.005668,0.001026
0.003297,-0.005179,0.000891
0.003145,-0.005308,0.000665
0.003587,-0.006177,0.001615
-0.002362,-0.002720,-0.000351
-0.002349,-0.002732,-0.000375
-0.002444,-0.002787,-0.000682
-0.002839,-0.004364,-0.002508
-0.002932,-0.004060,-0.002352
-0.002660,-0.003298,-0.001768
-0.002443,-0.003161,-0.001647
-0.002539,-0.002845,-0.000988
-0.002437,-0.002919,-0.001167
-0.002340,-0.002851,-0.000861
-0.002691,-0.003728,-0.002240
-0.002564,-0.003424,-0.001945
-0.002377,-0.003555,-0.002062
-0.002274,-0.004917,-0.002655
-0.002369,-0.004901,-0.002647
-0.001276,-0.001757,0.001200
-0.000780,-0.002599,0.000709
-0.000397,-0.002002,0.001538
-0.000728,-0.002171,0.001146
-0.002150,-0.002739,-0.000247
-0.001203,-0.002947,-0.000015
-0.001456,-0.002864,-0.000042
-0.001900,-0.002811,-0.000214
0.000744,-0.002446,0.002321
0.000922,-0.002531,0.002471
0.000363,-0.002305,0.002060
-0.002276,-0.004464,-0.002579
-0.002386,-0.003783,-0.002292
-0.001860,-0.004096,-0.002295
-0.002102,-0.004001,-0.002337
-0.001745,-0.003451,-0.001926
-0.001453,-0.003602,-0.001973
-0.002176,-0.003700,-0.002169
-0.002259,-0.003469,-0.001997
-0.000801,-0.003397,-0.001836
-0.001001,-0.003177,-0.001738
-0.000786,-0.003052,-0.001617
-0.000537,-0.003000,-0.001561
-0.000573,-0.002946,-0.001494
-0.000264,-0.002964,-0.001548
-0.000056,-0.002894,-0.001424
0.000431,-0.003087,-0.001343
0.000150,-0.002846,-0.001299
0.000634,-0.003062,-0.001217
-0.001472,-0.003277,-0.001773
-0.001247,-0.003317,-0.001812
-0.001175,-0.003329,-0.001830
0.001023,-0.003141,-0.000959
0.001221,-0.003153,-0.000831
0.001418,-0.003175,-0.000703
0.001812,-0.003478,-0.000490
0.001608,-0.003246,-0.000573
0.001794,-0.003359,-0.000440
0.002158,-0.004009,-0.000232
0.001946,-0.003509,-0.000324
0.001971,-0.003538,-0.000305
0.002142,-0.003768,-0.000168
0.002489,-0.004539,0.000048
0.002306,-0.004045,-0.000028
0.002306,-0.004045,-0.000028
0.002472,-0.004312,0.000111
0.002828,-0.005068,0.000316
0.003641,-0.005729,0.001600
0.003615,-0.005254,0.001718
0.003540,-0.004961,0.001886
0.003459,-0.004802,0.002044
0.003354,-0.004670,0.002237
0.002964,-0.004274,0.002446
0.003070,-0.004286,0.002262
0.002837,-0.004257,0.002616
0.002537,-0.003736,0.002360
0.002537,-0.003736,0.002360
0.002441,-0.003613,0.002536
0.002155,-0.003411,0.002582
0.002717,-0.003897,0.002494
0.001846,-0.003583,0.002153
0.001566,-0.003342,0.002197
0.001589,-0.002966,0.002671
0.001396,-0.002912,0.002542
0.003567,-0.005252,0.001434
0.003403,-0.005207,0.001070
0.002735,-0.004508,0.000557
0.003206,-0.004630,0.001126
0.002837,-0.004400,0.000861
-0.002582,-0.003959,-0.002395
-0.001927,-0.003116,-0.001577
-0.002239,-0.002931,-0.001039
-0.001741,-0.003032,-0.000962
-0.000158,-0.002763,0.001026
-0.000459,-0.003064,0.000112
-0.000759,-0.002975,0.000163
-0.000354,-0.002926,0.000415
-0.000556,-0.003135,-0.000194
-0.001620,-0.003151,-0.001630
-0.001310,-0.003159,-0.001684
-0.001101,-0.003083,-0.001561
-0.000894,-0.003030,-0.001436
-0.000697,-0.002983,-0.001316
-0.000688,-0.002978,-0.001311
-0.000363,-0.002862,-0.001371
-0.000158,-0.002820,-0.001246
0.000353,-0.002815,-0.001174
0.000046,-0.002788,-0.001120
0.000554,-0.002812,-0.001046
0.000749,-0.002850,-0.000918
0.000941,-0.002908,-0.000788
0.001134,-0.002958,-0.000658
0.001327,-0.003009,-0.000529
0.001515,-0.003094,-0.000398
0.001702,-0.003205,-0.000266
0.001964,-0.003514,-0.000289
0.001882,-0.003354,-0.000131
0.002058,-0.003543,0.000004
0.002058,-0.003543,0.000004
0.002306,-0.004045,-0.000028
0.002235,-0.003724,0.000140
0.002431,-0.004078,0.000216
0.003306,-0.004544,0.001431
0.003388,-0.004588,0.001742
0.003140,-0.004288,0.002053
0.002821,-0.003957,0.002315
0.002925,-0.004021,0.002136
0.002537,-0.003736,0.002360
0.002445,-0.003767,0.002052
0.002638,-0.003817,0.002181
0.002344,-0.003686,0.002230
0.002250,-0.003546,0.002406
0.002353,-0.003694,0.002215
0.002152,-0.003812,0.001618
0.001464,-0.003448,0.001893
0.000799,-0.003282,0.001194
0.002406,-0.003954,0.000277
0.002486,-0.004018,0.000589
0.002919,-0.004211,0.001210
0.003040,-0.004179,0.001470
0.002757,-0.004174,0.001026
0.002605,-0.004137,0.000828
-0.001722,-0.003073,-0.001451
-0.001323,-0.003077,-0.001197
-0.001237,-0.003090,-0.000887
0.000708,-0.003298,0.000886
0.000518,-0.003223,0.000755
0.000034,-0.003010,0.000673
-0.000272,-0.003117,-0.000015
-0.000152,-0.003094,0.000058
-0.000243,-0.003120,-0.000249
-0.001413,-0.003089,-0.001505
-0.000480,-0.002910,-0.001187
-0.000277,-0.002881,-0.001061
0.000248,-0.002763,-0.000994
-0.000075,-0.002861,-0.000935
0.000647,-0.002796,-0.000743
0.000835,-0.002862,-0.000608
0.000651,-0.002798,-0.000733
0.001025,-0.002935,-0.000477
0.001216,-0.003008,-0.000347
0.001403,-0.003103,-0.000215
0.001589,-0.003217,-0.000083
0.001951,-0.003507,0.000185
0.002058,-0.003543,0.000004
0.002133,-0.003647,0.000318
0.001986,-0.003541,0.000211
0.003217,-0.004364,0.001605
0.003122,-0.004222,0.001781
0.003026,-0.004101,0.001957
0.002741,-0.003891,0.002003
0.002548,-0.003835,0.001873
0.002654,-0.003890,0.001693
0.002757,-0.003954,0.001514
0.000815,-0.003342,0.000706
0.001089,-0.003446,0.001147
0.002562,-0.003920,0.001385
0.001719,-0.003578,0.000552
0.002471,-0.003946,0.001077
0.001039,-0.003412,0.001234
0.000895,-0.003377,0.001022
0.002312,-0.003806,0.000453
0.002204,-0.003775,0.000633
0.002386,-0.003921,0.000767
0.002568,-0.004059,0.000901
0.002857,-0.004051,0.001337
0.002754,-0.004163,0.001032
0.002947,-0.004035,0.001645
0.000355,-0.003128,0.000132
0.000327,-0.003155,0.000625
-0.000038,-0.003077,-0.000124
0.000784,-0.003077,-0.000107
0.000130,-0.002820,-0.000809
0.000605,-0.002787,-0.000764
0.000594,-0.003004,-0.000237
0.000642,-0.002797,-0.000735
0.002021,-0.003647,0.000500
0.002845,-0.003955,0.001824