-0.000458,-0.042457,0.003007
-0.000524,-0.041977,0.003294
-0.000686,-0.042392,0.003319
-0.000720,-0.042708,0.003098
-0.000095,-0.042099,0.002656
-0.000174,-0.042543,0.002452
-0.000476,-0.042619,0.002883
-0.000903,-0.042337,0.003514
-0.000864,-0.041888,0.003642
-0.000537,-0.041069,0.003336
-0.000359,-0.041571,0.003103
-0.000949,-0.042659,0.003306
-0.000916,-0.042353,0.003514
-0.000743,-0.042934,0.002667
-0.000910,-0.042806,0.003094
0.000035,-0.042136,0.002443
-0.000029,-0.041661,0.002640
-0.000241,-0.042631,0.002453
-0.000250,-0.042723,0.002237
-0.000122,-0.042563,0.002235
-0.001142,-0.042279,0.003683
-0.001042,-0.041384,0.003941
-0.001132,-0.042188,0.003719
-0.001060,-0.041540,0.003914
-0.001320,-0.041772,0.004028
-0.001164,-0.040898,0.004102
-0.000438,-0.040194,0.003174
-0.001189,-0.040600,0.004088
-0.000193,-0.040714,0.002813
-0.000981,-0.042961,0.002878
-0.001645,-0.042610,0.003497
-0.001170,-0.042531,0.003512
-0.000988,-0.043041,0.002442
-0.000747,-0.042989,0.002229
0.000195,-0.042189,0.002012
0.000296,-0.041751,0.002217
0.000147,-0.041256,0.002450
-0.000495,-0.042846,0.001793
-0.000132,-0.042591,0.001576
-0.001388,-0.042390,0.003717
-0.001499,-0.041272,0.004244
-0.001552,-0.041751,0.004123
-0.001672,-0.042154,0.003916
-0.001534,-0.040810,0.004303
-0.001400,-0.040390,0.004261
-0.000212,-0.040260,0.002792
-0.001620,-0.039880,0.004480
-0.001293,-0.039445,0.004254
-0.000566,-0.039249,0.003478
-0.001446,-0.042943,0.002859
-0.001860,-0.042434,0.003701
-0.001900,-0.042818,0.003056
-0.001682,-0.042985,0.002412
-0.001681,-0.042986,0.002193
-0.001217,-0.043025,0.001992
-0.000977,-0.042975,0.001780
0.000317,-0.042235,0.001579
0.000279,-0.042191,0.001795
0.000326,-0.041759,0.002167
0.000296,-0.042029,0.002009
0.000405,-0.041323,0.002202
-0.000889,-0.042878,0.001559
-0.000484,-0.042765,0.001350
0.000015,-0.042484,0.001357
-0.001777,-0.041666,0.004212
-0.001722,-0.041179,0.004312
-0.001628,-0.040333,0.004430
0.000068,-0.039884,0.002479
0.000431,-0.040818,0.002181
-0.001806,-0.039834,0.004617
-0.001636,-0.038965,0.004660
-0.000872,-0.038707,0.004019
-0.000932,-0.038311,0.004219
-0.001079,-0.038193,0.004428
-0.000468,-0.038358,0.003713
-0.002137,-0.042866,0.002609
-0.002103,-0.042529,0.003475
-0.002312,-0.042299,0.003677
-0.002034,-0.041884,0.004110
-0.002331,-0.042485,0.003389
-0.002587,-0.042728,0.002366
-0.001661,-0.042841,0.001527
-0.002126,-0.042811,0.001728
-0.003034,-0.042563,0.002121
-0.001419,-0.042774,0.001333
-0.001408,-0.042689,0.001091
-0.000932,-0.042617,0.000887
0.000531,-0.042042,0.001359
0.000655,-0.041858,0.001575
0.000545,-0.041903,0.001793
0.000595,-0.041450,0.001995
0.000652,-0.040935,0.002014
-0.000455,-0.042523,0.000901
0.000291,-0.042125,0.000913
-0.002233,-0.041563,0.004306
-0.002151,-0.040832,0.004500
-0.002039,-0.039825,0.004681
0.000296,-0.039941,0.002299
0.000132,-0.039309,0.002544
0.000508,-0.039993,0.002149
0.000474,-0.040438,0.002147
-0.001885,-0.038451,0.004824
-0.001558,-0.037621,0.004781
-0.000874,-0.037790,0.004331
-0.001053,-0.037290,0.004553
0.000038,-0.038032,0.003324
0.000127,-0.037599,0.003350
-0.000090,-0.037086,0.003634
-0.002550,-0.042353,0.003451
-0.002494,-0.041824,0.004089
-0.002736,-0.041913,0.003864
-0.002931,-0.042372,0.002997
-0.003243,-0.042319,0.002682
-0.003029,-0.042543,0.001461
-0.001951,-0.042661,0.001288
-0.001837,-0.042685,0.001294
-0.001647,-0.042726,0.001312
-0.003495,-0.042518,0.001662
-0.001647,-0.042723,0.001303
-0.002078,-0.042424,0.000833
-0.001866,-0.042605,0.001069
-0.000674,-0.042413,0.000668
-0.001990,-0.041675,0.000145
-0.001080,-0.041884,0.000189
0.000647,-0.041876,0.001136
0.000932,-0.041476,0.001350
0.000884,-0.041455,0.001567
0.000788,-0.041426,0.001782
0.000881,-0.040993,0.001808
-0.000165,-0.042044,0.000452
0.000342,-0.041695,0.000457
0.000552,-0.041883,0.000913
0.000427,-0.041849,0.000687
-0.002418,-0.041124,0.004502
-0.002466,-0.041568,0.004299
-0.002411,-0.041063,0.004525
-0.002212,-0.039285,0.004805
0.000556,-0.039710,0.002139
0.000803,-0.039616,0.001924
0.000960,-0.038199,0.002090
0.000275,-0.038561,0.002738
0.000260,-0.038152,0.002939
0.000524,-0.039997,0.002136
-0.002619,-0.038746,0.004822
-0.002242,-0.037469,0.004856
-0.001231,-0.036796,0.004625
-0.001965,-0.037081,0.004827
-0.001360,-0.035866,0.004603
-0.000825,-0.036896,0.004382
-0.000953,-0.036412,0.004468
0.000912,-0.037815,0.002291
0.000784,-0.037328,0.002485
0.000324,-0.036748,0.003102
-0.000497,-0.036528,0.004076
-0.002688,-0.041463,0.004312
-0.003638,-0.041644,0.003378
-0.003179,-0.041693,0.003837
-0.003690,-0.042133,0.002737
-0.003900,-0.041916,0.002939
-0.003654,-0.041796,0.003164
-0.003700,-0.042228,0.002505
-0.003255,-0.042486,0.001230
-0.002749,-0.042489,0.001250
-0.004182,-0.042370,0.002288
-0.004446,-0.042674,0.001631
-0.003970,-0.042606,0.001427
-0.003485,-0.042460,0.001000
-0.003010,-0.042395,0.001016
-0.002510,-0.042118,0.000607
-0.002488,-0.041934,0.000357
-0.002232,-0.041744,0.000227
-0.000487,-0.042112,0.000442
-0.002595,-0.040842,-0.000354
-0.001677,-0.040983,-0.000248
-0.001201,-0.040901,-0.000297
-0.000359,-0.041704,0.000123
-0.000309,-0.041272,-0.000108
-0.000740,-0.040963,-0.000277
-0.000537,-0.041226,-0.000167
0.000853,-0.041479,0.000907
0.000918,-0.041483,0.001130
0.001094,-0.041059,0.001338
0.001035,-0.041037,0.001555
0.000931,-0.040552,0.001786
0.000123,-0.041575,0.000223
0.000384,-0.041329,0.000223
-0.002639,-0.041011,0.004558
-0.002589,-0.040566,0.004643
-0.002718,-0.039629,0.004770
0.000752,-0.040055,0.001950
0.001092,-0.038325,0.001880
0.001030,-0.039675,0.001688
0.001153,-0.038578,0.001674
0.001037,-0.037853,0.002077
-0.003353,-0.039045,0.004684
-0.003709,-0.038071,0.004506
-0.003555,-0.038771,0.004576
-0.003610,-0.037186,0.004606
-0.003055,-0.036394,0.004781
-0.002500,-0.035608,0.004827
-0.003134,-0.035019,0.004832
-0.001132,-0.035920,0.004508
-0.001178,-0.036333,0.004564
-0.001667,-0.034442,0.004642
-0.002173,-0.034778,0.004806
-0.001238,-0.035895,0.004543
-0.000992,-0.035055,0.004297
-0.000390,-0.036107,0.003925
0.001031,-0.037401,0.002058
0.000846,-0.036900,0.002249
-0.000219,-0.036152,0.003703
0.000193,-0.035369,0.003037
0.000534,-0.036363,0.002653
0.000485,-0.036163,0.002643
-0.003342,-0.041048,0.004243
-0.002878,-0.041064,0.004482
-0.003624,-0.041504,0.003592
-0.004091,-0.041524,0.003135
-0.003918,-0.042085,0.002726
-0.003016,-0.042436,0.001165
-0.003243,-0.042394,0.001007
-0.003243,-0.042394,0.001007
-0.004661,-0.042493,0.002010
-0.005557,-0.042129,0.002444
-0.005802,-0.042235,0.002290
-0.004334,-0.041618,0.002956
-0.005524,-0.041824,0.002706
-0.004932,-0.042874,0.000961
-0.004459,-0.042821,0.000978
-0.005392,-0.042787,0.001380
-0.005143,-0.042637,0.001822
-0.004104,-0.042669,0.000765
-0.003566,-0.042345,0.000552
-0.003446,-0.042361,0.000777
-0.002619,-0.042096,0.000579
-0.003243,-0.042394,0.001007
-0.003235,-0.042332,0.000784
-0.003106,-0.041570,-0.000123
-0.002452,-0.041630,0.000125
-0.002965,-0.041160,-0.000355
-0.003063,-0.040257,-0.000838
-0.002015,-0.039852,-0.000594
-0.002490,-0.039922,-0.000651
-0.002212,-0.039530,-0.000687
-0.001578,-0.040114,-0.000546
-0.000882,-0.040160,-0.000536
0.000147,-0.041361,0.000107
-0.000077,-0.041288,-0.000017
-0.000322,-0.040825,-0.000266
-0.000438,-0.040357,-0.000463
0.001025,-0.040634,0.000438
0.001051,-0.041071,0.000897
0.001227,-0.040647,0.001106
0.001120,-0.040605,0.001540
0.000425,-0.040972,0.000053
0.000869,-0.040609,0.000211
-0.002996,-0.040023,0.004743
-0.003045,-0.040468,0.004659
0.001211,-0.037909,0.001647
0.001129,-0.038794,0.001659
0.001177,-0.039715,0.001504
0.001242,-0.038828,0.001468
0.001260,-0.037930,0.001430
0.001168,-0.037449,0.001626
-0.003469,-0.039474,0.004610
-0.003919,-0.039386,0.004369
-0.004493,-0.038826,0.004060
-0.004026,-0.038463,0.004325
-0.004157,-0.037533,0.004279
-0.004245,-0.036608,0.004335
-0.003689,-0.037624,0.004522
-0.003367,-0.036330,0.004698
-0.003805,-0.037147,0.004497
-0.003412,-0.035415,0.004761
-0.002619,-0.034588,0.004873
-0.002807,-0.034182,0.004941
-0.003441,-0.033592,0.004948
-0.003710,-0.033910,0.004801
-0.000854,-0.035538,0.004269
-0.001617,-0.034001,0.004644
-0.000983,-0.034607,0.004263
-0.002529,-0.033788,0.004982
-0.000453,-0.034739,0.003864
-0.000398,-0.035655,0.003867
0.001069,-0.037239,0.001832
0.000881,-0.036826,0.002027
0.000503,-0.036016,0.002417
0.000505,-0.036008,0.002197
0.000690,-0.036446,0.002003
0.000304,-0.035403,0.002823
0.000239,-0.034486,0.002781
-0.000099,-0.034385,0.003423
-0.000279,-0.034608,0.003646
0.000345,-0.035338,0.002602
-0.003827,-0.041237,0.003572
-0.004004,-0.040721,0.003763
-0.003942,-0.040153,0.004181
-0.003309,-0.040743,0.004451
-0.004311,-0.041407,0.003121
-0.004275,-0.041079,0.003328
-0.006192,-0.041526,0.002833
-0.006036,-0.042249,0.002211
-0.006242,-0.041994,0.002411
-0.005933,-0.041293,0.003053
-0.004453,-0.042791,0.000537
-0.005406,-0.042941,0.000726
-0.005623,-0.042766,0.001369
-0.005631,-0.042843,0.001153
-0.005615,-0.042688,0.001586
-0.005623,-0.042766,0.001369
-0.003109,-0.042002,0.000335
-0.003701,-0.042340,0.000327
-0.003194,-0.041986,0.000276
-0.003409,-0.041839,-0.000123
-0.003572,-0.040167,-0.001301
-0.004463,-0.040894,-0.001666
-0.004368,-0.041790,-0.001042
-0.004498,-0.041204,-0.001512
-0.004363,-0.042043,-0.000811
-0.003904,-0.042093,-0.000351
-0.002813,-0.039409,-0.000864
-0.001479,-0.039240,-0.000741
-0.002619,-0.038996,-0.000802
-0.000338,-0.039481,-0.000617
0.000474,-0.040539,-0.000121
-0.000348,-0.039927,-0.000526
0.000271,-0.040280,-0.000267
0.000980,-0.040183,0.000218
0.001191,-0.040649,0.000885
0.001147,-0.039759,0.000405
0.001264,-0.040214,0.000869
0.001264,-0.040194,0.001308
0.001288,-0.040210,0.001089
0.000738,-0.040140,-0.000034
-0.003273,-0.040421,0.004593
-0.003336,-0.039953,0.004636
0.001240,-0.037818,0.001424
0.001172,-0.037459,0.001406
0.001287,-0.039297,0.001270
0.001259,-0.037939,0.001211
0.001077,-0.037183,0.001611
-0.003876,-0.039555,0.004377
-0.004384,-0.039939,0.003935
-0.004789,-0.039221,0.003888
-0.005087,-0.037354,0.003796
-0.005335,-0.035941,0.003860
-0.004939,-0.035112,0.004145
-0.004374,-0.035675,0.004367
-0.004096,-0.035276,0.004538
-0.004175,-0.033899,0.004658
-0.003848,-0.033056,0.004876
-0.002887,-0.032804,0.005085
-0.004532,-0.032920,0.004611
-0.000705,-0.034222,0.004116
-0.002202,-0.032957,0.004969
-0.001112,-0.033671,0.004395
-0.000352,-0.033860,0.003830
0.000885,-0.036802,0.001806
0.000935,-0.036949,0.001595
0.000350,-0.035432,0.002386
0.000497,-0.036092,0.001980
0.000299,-0.035430,0.002164
0.000576,-0.036411,0.001777
0.000681,-0.036536,0.001787
0.000298,-0.034509,0.002564
0.000231,-0.034033,0.002761
0.000028,-0.033970,0.003240
0.000275,-0.034053,0.002544
-0.000249,-0.034343,0.003615
-0.000200,-0.033903,0.003604
-0.000208,-0.033901,0.003618
0.000307,-0.034971,0.002365
-0.004186,-0.040254,0.003905
-0.004962,-0.040954,0.003296
-0.005437,-0.041021,0.003280
-0.004513,-0.041116,0.003242
-0.006153,-0.041176,0.003039
-0.006499,-0.041156,0.002805
-0.006434,-0.041612,0.002607
-0.006436,-0.041632,0.002591
-0.006478,-0.042021,0.002183
-0.006522,-0.042451,0.001321
-0.006079,-0.042669,0.001320
-0.005845,-0.042652,0.001576
-0.006460,-0.041856,0.002397
-0.006022,-0.040789,0.003248
-0.005375,-0.040464,0.003548
-0.005639,-0.042947,0.000497
-0.004690,-0.042825,0.000309
-0.004445,-0.042730,0.000315
-0.005853,-0.042732,0.001359
-0.005623,-0.042766,0.001369
-0.005867,-0.042898,0.000486
-0.003823,-0.042308,0.000101
-0.004304,-0.040481,-0.001756
-0.004086,-0.039630,-0.001854
-0.003124,-0.039351,-0.001093
-0.004675,-0.040852,-0.001754
-0.004435,-0.040650,-0.001754
-0.004548,-0.041633,-0.001276
-0.004839,-0.042137,-0.000988
-0.004948,-0.041064,-0.001756
-0.004422,-0.042543,-0.000132
-0.004637,-0.042398,-0.000587
-0.005102,-0.042389,-0.000825
-0.002847,-0.038951,-0.000892
-0.002836,-0.038954,-0.000885
-0.002341,-0.038600,-0.000720
-0.000973,-0.038898,-0.000742
-0.002520,-0.038107,-0.000651
-0.002948,-0.038478,-0.000910
0.000225,-0.038617,-0.000340
0.000395,-0.039176,-0.000323
-0.000388,-0.038567,-0.000586
0.000449,-0.039637,-0.000287
0.001030,-0.039740,0.000223
0.000978,-0.039281,0.000158
0.001107,-0.039043,0.000373
0.001210,-0.038861,0.000588
0.001284,-0.038406,0.001012
0.001108,-0.037455,0.001184
0.001075,-0.037209,0.001392
0.001221,-0.038008,0.000992
0.001035,-0.037921,0.000541
0.001041,-0.037534,0.000964
0.000869,-0.036967,0.001373
-0.004568,-0.040179,0.003718
-0.004820,-0.039668,0.003840
-0.005504,-0.039528,0.003654
-0.005911,-0.038997,0.003474
-0.005177,-0.038691,0.003753
-0.005920,-0.036283,0.003497
-0.005571,-0.035964,0.003717
-0.005285,-0.035497,0.003917
-0.006148,-0.034885,0.003334
-0.005266,-0.033233,0.004162
-0.003798,-0.032612,0.004938
-0.002123,-0.032068,0.005003
-0.002054,-0.031630,0.005072
-0.003699,-0.031725,0.005063
-0.002688,-0.031035,0.005216
-0.003372,-0.030887,0.005174
-0.003422,-0.031330,0.005134
-0.004965,-0.031931,0.004446
-0.000735,-0.033308,0.004231
-0.000378,-0.033397,0.003959
0.000067,-0.033068,0.003373
0.000880,-0.036855,0.001589
0.000871,-0.036942,0.001435
0.000131,-0.035194,0.001928
0.000277,-0.035982,0.001747
0.000231,-0.034965,0.002142
0.000670,-0.036650,0.001572
-0.000012,-0.036500,0.001099
-0.000219,-0.036267,0.001127
0.000433,-0.036685,0.001344
0.000281,-0.034514,0.002344
0.000253,-0.033138,0.002723
0.000264,-0.033980,0.002540
0.000251,-0.033597,0.002523
0.000257,-0.034058,0.002324
0.000257,-0.034058,0.002324
-0.004982,-0.040551,0.003498
-0.004865,-0.040079,0.003702
-0.006437,-0.040709,0.003008
-0.006108,-0.040771,0.003217
-0.006812,-0.040821,0.002559
-0.006633,-0.041303,0.002586
-0.006663,-0.041585,0.002377
-0.006723,-0.042157,0.001520
-0.006688,-0.041815,0.002167
-0.006702,-0.041956,0.001952
-0.006733,-0.042255,0.001304
-0.006527,-0.042508,0.001103
-0.005851,-0.042715,0.001394
-0.006528,-0.042529,0.000884
-0.005856,-0.040364,0.003456
-0.006059,-0.040325,0.003355
-0.005554,-0.039970,0.003626
-0.005317,-0.039940,0.003678
-0.005635,-0.042919,0.000276
-0.005623,-0.042826,0.000031
-0.005372,-0.042693,-0.000383
-0.005852,-0.042782,0.000042
-0.006523,-0.042508,0.000443
-0.006526,-0.042522,0.000664
-0.004641,-0.040416,-0.001935
-0.005454,-0.039358,-0.002402
-0.004721,-0.039056,-0.002197
-0.004456,-0.038771,-0.002055
-0.003758,-0.038788,-0.001672
-0.005296,-0.042049,-0.001215
-0.005493,-0.041740,-0.001528
-0.005448,-0.041352,-0.001763
-0.005653,-0.041101,-0.001931
-0.005550,-0.040206,-0.002256
-0.004878,-0.040452,-0.001999
-0.005824,-0.042568,-0.000626
-0.003498,-0.038379,-0.001375
-0.002086,-0.038405,-0.000659
-0.000900,-0.038240,-0.000620
-0.000696,-0.038504,-0.000672
-0.001726,-0.038279,-0.000650
-0.001361,-0.038194,-0.000640
-0.002747,-0.038060,-0.000696
-0.001513,-0.037449,-0.000238
-0.001558,-0.037859,-0.000527
-0.002470,-0.037658,-0.000450
-0.002976,-0.038017,-0.000812
0.000445,-0.038731,-0.000249
0.000266,-0.038241,-0.000233
-0.000395,-0.037904,-0.000395
0.000722,-0.038329,0.000010
0.000950,-0.038369,0.000211
0.001059,-0.038386,0.000342
0.001198,-0.038214,0.000780
0.001061,-0.037345,0.001177
0.000862,-0.037893,0.000313
0.001007,-0.037851,0.000537
0.000935,-0.037429,0.000956
0.000811,-0.037505,0.000734
-0.006047,-0.039422,0.003407
-0.006190,-0.038488,0.003362
-0.006185,-0.038039,0.003343
-0.006628,-0.037955,0.003102
-0.006737,-0.036136,0.002799
-0.006554,-0.036618,0.003047
-0.005791,-0.035854,0.003610
-0.006683,-0.035697,0.002783
-0.006654,-0.035255,0.002727
-0.006293,-0.033958,0.003163
-0.005458,-0.032872,0.004028
-0.005753,-0.032692,0.003789
-0.003977,-0.032122,0.004927
-0.004091,-0.031646,0.004908
-0.000964,-0.031435,0.004581
-0.001548,-0.031295,0.004912
-0.001787,-0.031338,0.004985
-0.003843,-0.030338,0.005081
-0.003501,-0.029955,0.005199
-0.002361,-0.030201,0.005233
-0.004611,-0.031545,0.004659
-0.005652,-0.030450,0.003914
-0.000556,-0.032896,0.004186
-0.000303,-0.032730,0.004003
-0.000212,-0.032077,0.003979
0.000221,-0.032660,0.003141
0.000148,-0.030804,0.003851
0.000326,-0.031313,0.003446
-0.000071,-0.034916,0.001748
-0.000005,-0.034324,0.001885
-0.000626,-0.035729,0.001108
-0.000983,-0.034749,0.001091
-0.000433,-0.036096,0.001065
0.000179,-0.034503,0.002120
0.000207,-0.034506,0.002194
-0.000063,-0.036978,0.000678
-0.000675,-0.036179,0.000894
0.000245,-0.033144,0.002504
0.000271,-0.032690,0.002705
0.000257,-0.034058,0.002324
0.000223,-0.033601,0.002302
-0.006951,-0.040168,0.002525
-0.006869,-0.039724,0.002729
-0.006578,-0.038867,0.003143
-0.006822,-0.038824,0.002901
-0.006925,-0.041555,0.001926
-0.006987,-0.040621,0.002323
-0.006912,-0.041755,0.001715
-0.006927,-0.041904,0.001281
-0.006893,-0.042053,0.001069
-0.006740,-0.042326,0.001087
-0.006742,-0.042350,0.000868
-0.006520,-0.042488,0.000223
-0.006515,-0.042457,0.000002
-0.006059,-0.042571,-0.000415
-0.006739,-0.042344,0.000648
-0.006737,-0.042329,0.000428
-0.005910,-0.039260,-0.002428
-0.005633,-0.038867,-0.002403
-0.005781,-0.040186,-0.002300
-0.004621,-0.038165,-0.002034
-0.005165,-0.038862,-0.002299
-0.004197,-0.038251,-0.001848
-0.005805,-0.042405,-0.000852
-0.005787,-0.042258,-0.001077
-0.005763,-0.042058,-0.001305
-0.005925,-0.041436,-0.001778
-0.005830,-0.040620,-0.002168
-0.006029,-0.042326,-0.000861
-0.003164,-0.037609,-0.000735
-0.004368,-0.037984,-0.001866
-0.000874,-0.038007,-0.000542
-0.002913,-0.037449,-0.000513
-0.001306,-0.037689,-0.000440
-0.001830,-0.037326,-0.000036
-0.002213,-0.037445,-0.000266
-0.001008,-0.037093,0.000206
0.000286,-0.038060,-0.000142
0.000464,-0.038278,-0.000125
-0.000616,-0.037787,-0.000409
-0.000586,-0.037513,-0.000199
0.000747,-0.038103,0.000098
0.000783,-0.037778,0.000306
0.000339,-0.037567,0.000279
-0.006814,-0.037023,0.002835
-0.006951,-0.037901,0.002731
-0.006986,-0.036995,0.002607
-0.006703,-0.035695,0.002753
-0.006958,-0.034317,0.002053
-0.007184,-0.036522,0.002139
-0.006340,-0.033046,0.003122
-0.006197,-0.031715,0.003290
-0.004185,-0.029816,0.004986
-0.004515,-0.029754,0.004810
-0.004794,-0.030604,0.004616
-0.004691,-0.030171,0.004726
-0.000354,-0.031585,0.004172
-0.001296,-0.031135,0.004775
-0.000943,-0.030081,0.004688
-0.001300,-0.029089,0.004923
-0.001855,-0.029864,0.005110
-0.003630,-0.029023,0.005199
-0.003223,-0.029561,0.005247
-0.004105,-0.029102,0.005018
-0.002660,-0.028706,0.005277
-0.002915,-0.028898,0.005276
-0.001966,-0.027124,0.005236
-0.002291,-0.027502,0.005318
-0.005850,-0.030142,0.003675
-0.006326,-0.030796,0.003025
-0.005220,-0.029171,0.004318
-0.005831,-0.029969,0.003709
0.000308,-0.032237,0.002906
0.000398,-0.031335,0.003311
0.000375,-0.030866,0.003603
0.000455,-0.030151,0.003702
0.000051,-0.029573,0.004101
0.000533,-0.030914,0.003298
-0.000504,-0.034633,0.001439
0.000172,-0.034050,0.002100
-0.000200,-0.033987,0.001728
-0.001260,-0.035149,0.000902
-0.001110,-0.035893,0.000810
-0.000705,-0.034347,0.001323
-0.001272,-0.034692,0.000972
-0.001450,-0.034202,0.000944
-0.001112,-0.033817,0.001102
-0.000552,-0.037184,0.000228
-0.001003,-0.037041,0.000261
-0.001211,-0.036807,0.000406
0.000109,-0.032224,0.002239
0.000281,-0.032241,0.002686
0.000030,-0.033119,0.002054
-0.007124,-0.040160,0.001858
-0.006962,-0.040085,0.002521
-0.007073,-0.039700,0.002280
-0.007093,-0.039180,0.002257
-0.007051,-0.038791,0.002528
-0.007150,-0.040625,0.001438
-0.007018,-0.041556,0.001483
-0.007042,-0.041579,0.000823
-0.006901,-0.042061,0.000849
-0.006885,-0.042073,0.000631
-0.006855,-0.042100,0.000193
-0.006749,-0.042141,-0.000240
-0.006704,-0.042079,-0.000462
-0.006465,-0.042050,-0.000893
-0.006866,-0.042088,0.000412
-0.006075,-0.038641,-0.002344
-0.006416,-0.039596,-0.002278
-0.006335,-0.039163,-0.002331
-0.006021,-0.040239,-0.002273
-0.005737,-0.037705,-0.002151
-0.005305,-0.038025,-0.002196
-0.005069,-0.037994,-0.002113
-0.004806,-0.037724,-0.001894
-0.006029,-0.042325,-0.000864
-0.006015,-0.042208,-0.001088
-0.005994,-0.042038,-0.001315
-0.006190,-0.041708,-0.001557
-0.006149,-0.041354,-0.001790
-0.006287,-0.040522,-0.002173
-0.004338,-0.037711,-0.001657
-0.003597,-0.037310,-0.000765
-0.003055,-0.036597,0.000218
-0.002827,-0.036644,0.000306
-0.003524,-0.036634,-0.000132
-0.002370,-0.036734,0.000357
-0.001676,-0.036788,0.000387
0.000095,-0.037678,0.000055
0.000538,-0.037888,0.000081
0.000544,-0.037833,0.000134
0.000316,-0.037785,0.000071
-0.007140,-0.037874,0.002419
-0.007344,-0.035605,0.001654
-0.007211,-0.034291,0.001382
-0.006976,-0.032970,0.001774
-0.006816,-0.032983,0.002221
-0.007496,-0.036484,0.001465
-0.006584,-0.032563,0.002652
-0.006478,-0.032125,0.002857
-0.004618,-0.028830,0.004766
-0.004916,-0.029225,0.004552
-0.000973,-0.028263,0.004799
-0.001736,-0.026725,0.005179
-0.003351,-0.028618,0.005246
-0.004720,-0.028357,0.004708
-0.004115,-0.027118,0.005049
-0.003253,-0.027746,0.005312
-0.002420,-0.026568,0.005346
-0.006303,-0.030350,0.003007
-0.006059,-0.029934,0.003389
-0.006709,-0.032094,0.002407
-0.006769,-0.030299,0.001887
-0.005127,-0.027834,0.004370
-0.005829,-0.028168,0.003591
0.000390,-0.031352,0.002872
0.000530,-0.030922,0.003079
0.000567,-0.030460,0.003500
0.000644,-0.030026,0.003484
0.000378,-0.029499,0.003891
0.000587,-0.029553,0.003681
0.000395,-0.028595,0.003967
0.000628,-0.030483,0.003283
-0.000649,-0.033841,0.001399
-0.000393,-0.033636,0.001620
-0.001716,-0.035054,0.000811
-0.001627,-0.036344,0.000589
-0.001587,-0.035990,0.000691
-0.002002,-0.035446,0.000756
-0.001647,-0.032359,0.000807
-0.003383,-0.033367,0.000173
-0.003114,-0.031621,0.000108
-0.002351,-0.034475,0.000603
-0.004581,-0.033578,-0.000254
-0.000723,-0.033438,0.001379
-0.001419,-0.032403,0.000928
-0.001637,-0.036438,0.000551
-0.000328,-0.033056,0.001711
-0.000394,-0.031233,0.001737
0.000062,-0.031641,0.002212
0.000277,-0.031790,0.002650
0.000304,-0.031344,0.002648
-0.007128,-0.040189,0.001200
-0.007099,-0.039247,0.002040
-0.007038,-0.040843,0.000572
-0.007002,-0.041618,0.000167
-0.006922,-0.041922,-0.000037
-0.006913,-0.041849,-0.000260
-0.006658,-0.041699,-0.001136
-0.006881,-0.041584,-0.000709
-0.006237,-0.042109,-0.001102
-0.006772,-0.038611,-0.002194
-0.006461,-0.037916,-0.002170
-0.006921,-0.039923,-0.001976
-0.007100,-0.039431,-0.001927
-0.007050,-0.038995,-0.002047
-0.005681,-0.037200,-0.001951
-0.005255,-0.037575,-0.002009
-0.006347,-0.036885,-0.001922
-0.005026,-0.037603,-0.001908
-0.004777,-0.037456,-0.001685
-0.006402,-0.041522,-0.001573
-0.006522,-0.040532,-0.002060
-0.006568,-0.040933,-0.001825
-0.004303,-0.037376,-0.001230
-0.003993,-0.036667,-0.000589
-0.004016,-0.036884,-0.000743
-0.003037,-0.036437,0.000318
-0.002560,-0.036332,0.000552
-0.002778,-0.036198,0.000538
-0.003742,-0.036492,-0.000147
-0.003491,-0.036330,0.000076
-0.003739,-0.036465,-0.000126
-0.002321,-0.036288,0.000601
-0.002100,-0.036398,0.000573
-0.001865,-0.036387,0.000582
-0.007391,-0.037723,0.001303
-0.007391,-0.037878,0.001090
-0.007234,-0.038404,0.001339
-0.007167,-0.038799,0.001798
-0.007529,-0.035595,0.000986
-0.007267,-0.034552,0.001172
-0.007158,-0.033880,0.000707
-0.007014,-0.032305,0.001085
-0.006959,-0.032080,0.001517
-0.007597,-0.036052,0.000563
-0.007596,-0.036934,0.001041
-0.000967,-0.026907,0.004826
-0.000298,-0.027521,0.004439
-0.001082,-0.025070,0.004960
-0.001538,-0.024961,0.005153
-0.002499,-0.025196,0.005341
-0.004571,-0.027031,0.004787
-0.003382,-0.026815,0.005292
-0.003560,-0.026327,0.005239
-0.003836,-0.025822,0.005107
-0.004696,-0.026559,0.004665
-0.003104,-0.026422,0.005325
-0.006661,-0.029411,0.002073
-0.006369,-0.028994,0.002726
-0.006211,-0.027665,0.002895
-0.006976,-0.031195,0.001038
-0.006964,-0.030307,0.000780
-0.006743,-0.029854,0.001864
-0.005220,-0.026916,0.004221
-0.005571,-0.025959,0.003726
-0.006189,-0.027219,0.002877
0.000460,-0.030918,0.002856
0.000616,-0.030491,0.003063
0.000694,-0.030046,0.003267
0.000802,-0.029164,0.003329
0.000590,-0.028191,0.003843
0.000902,-0.028277,0.003419
-0.000140,-0.027105,0.004380
-0.001865,-0.036387,0.000582
-0.001865,-0.036387,0.000582
-0.001816,-0.035941,0.000696
-0.002272,-0.035844,0.000672
-0.002044,-0.035893,0.000701
-0.002460,-0.031300,0.000344
-0.001185,-0.031545,0.001059
-0.003798,-0.032835,-0.000036
-0.004513,-0.030890,-0.000198
-0.003729,-0.030143,-0.000123
-0.003451,-0.029750,-0.000096
-0.003136,-0.029814,0.000029
-0.002804,-0.034834,0.000478
-0.002678,-0.035309,0.000548
-0.004225,-0.034553,-0.000137
-0.004521,-0.034946,-0.000244
-0.005266,-0.033438,-0.000438
-0.005622,-0.032454,-0.000380
-0.001180,-0.031997,0.001079
-0.000764,-0.030718,0.001374
0.000133,-0.030416,0.002381
-0.000688,-0.030032,0.001454
-0.007126,-0.039317,0.000503
-0.007004,-0.040265,0.000108
-0.007005,-0.041195,-0.000511
-0.006975,-0.041644,-0.000271
-0.006984,-0.041219,-0.000949
-0.006833,-0.041186,-0.001385
-0.006951,-0.038116,-0.002120
-0.006673,-0.037726,-0.002133
-0.006971,-0.040355,-0.001745
-0.007034,-0.039896,-0.001888
-0.007165,-0.038966,-0.001933
-0.007106,-0.039486,-0.001908
-0.007186,-0.038510,-0.001953
-0.005434,-0.037074,-0.001727
-0.005612,-0.036569,-0.001443
-0.006088,-0.036654,-0.001770
-0.005216,-0.037211,-0.001712
-0.006779,-0.036575,-0.001801
-0.006525,-0.036385,-0.001705
-0.006894,-0.037220,-0.001997
-0.006277,-0.036256,-0.001575
-0.004750,-0.037201,-0.001286
-0.007015,-0.040735,-0.001411
-0.004746,-0.037168,-0.001256
-0.003778,-0.036457,-0.000149
-0.004181,-0.036252,-0.000394
-0.005118,-0.036304,-0.000868
-0.005072,-0.035888,-0.000664
-0.003272,-0.036096,0.000294
-0.002784,-0.036190,0.000538
-0.002777,-0.036192,0.000540
-0.003691,-0.036028,0.000055
-0.003391,-0.035618,0.000269
-0.004096,-0.035485,-0.000130
-0.003941,-0.036184,-0.000168
-0.002093,-0.036337,0.000598
-0.002728,-0.035751,0.000563
-0.007408,-0.037888,0.000870
-0.007441,-0.037887,0.000649
-0.007465,-0.035657,-0.000108
-0.007431,-0.035174,0.000752
-0.007209,-0.034331,0.000504
-0.006904,-0.033514,0.000041
-0.007016,-0.033020,0.000456
-0.007013,-0.032301,0.000865
-0.006969,-0.032117,0.000638
-0.007639,-0.036963,0.000161
-0.007594,-0.036532,-0.000076
0.000138,-0.026720,0.004252
0.000256,-0.026297,0.004188
-0.001211,-0.024134,0.005057
0.000336,-0.024959,0.004183
-0.000933,-0.023748,0.004912
-0.002400,-0.024316,0.005340
-0.002073,-0.023484,0.005289
-0.003186,-0.024598,0.005300
-0.003689,-0.025398,0.005188
-0.004671,-0.024761,0.004589
-0.004938,-0.026065,0.004415
-0.003960,-0.024443,0.005043
-0.006540,-0.028524,0.002260
-0.006915,-0.029415,0.000744
-0.006847,-0.028959,0.001167
-0.006595,-0.027179,0.001760
-0.006516,-0.028078,0.002241
-0.006941,-0.031671,0.000669
-0.006842,-0.030806,0.000277
-0.006893,-0.030341,0.000345
-0.006894,-0.029440,0.000306
-0.006329,-0.026305,0.002392
-0.006364,-0.026750,0.002410
-0.005513,-0.025070,0.003688
-0.005969,-0.025005,0.002938
-0.006192,-0.025424,0.002579
0.000521,-0.030479,0.002839
0.000672,-0.030052,0.003047
0.000895,-0.028737,0.003219
0.000802,-0.029174,0.003079
0.000722,-0.027772,0.003774
0.001040,-0.027866,0.003187
0.001000,-0.027392,0.003499
0.001076,-0.027413,0.003389
0.000772,-0.027330,0.003778
-0.001570,-0.030571,0.000783
-0.002718,-0.029448,0.000134
-0.002422,-0.029956,0.000283
-0.005474,-0.031129,-0.000304
-0.004714,-0.030605,-0.000218
-0.004641,-0.029950,-0.000211
-0.004086,-0.029166,-0.000182
-0.003174,-0.029354,0.000000
-0.003201,-0.028897,-0.000013
-0.003874,-0.035074,0.000007
-0.005008,-0.035302,-0.000464
-0.004601,-0.035842,-0.000476
-0.005642,-0.034721,-0.000659
-0.005729,-0.033796,-0.000560
-0.005978,-0.033549,-0.000580
-0.006290,-0.032764,-0.000407
-0.006307,-0.032306,-0.000354
0.000538,-0.030031,0.002821
0.000644,-0.029153,0.002787
0.000366,-0.028924,0.002546
0.000793,-0.029177,0.003013
0.000147,-0.028616,0.002305
-0.000922,-0.029338,0.001194
-0.007092,-0.039297,-0.000376
-0.007291,-0.038419,-0.000422
-0.007076,-0.040740,-0.000754
-0.007111,-0.040741,-0.000975
-0.007090,-0.040756,-0.001193
-0.007174,-0.038063,-0.001972
-0.007116,-0.037623,-0.001989
-0.006901,-0.037675,-0.002100
-0.007140,-0.040303,-0.001434
-0.007175,-0.039855,-0.001675
-0.007264,-0.038935,-0.001718
-0.007229,-0.038498,-0.001869
-0.004967,-0.037051,-0.001270
-0.006069,-0.036479,-0.001637
-0.005540,-0.035898,-0.000902
-0.005336,-0.036166,-0.000882
-0.005791,-0.036066,-0.001152
-0.006703,-0.035878,-0.001361
-0.006994,-0.036395,-0.001597
-0.006959,-0.036073,-0.001390
-0.006983,-0.036740,-0.001801
-0.006574,-0.035908,-0.001382
-0.006327,-0.035961,-0.001370
-0.006435,-0.035561,-0.001171
-0.007080,-0.037177,-0.001914
-0.007130,-0.037621,-0.001978
-0.005994,-0.035795,-0.001144
-0.005288,-0.035728,-0.000680
-0.007541,-0.037445,-0.000034
-0.007428,-0.036056,-0.000529
-0.007338,-0.035233,-0.000091
-0.006988,-0.034202,-0.000152
-0.007028,-0.034564,-0.000358
-0.006810,-0.033544,-0.000174
-0.006700,-0.031755,-0.000026
-0.006551,-0.032246,-0.000219
-0.006713,-0.031751,-0.000006
-0.006812,-0.031270,0.000168
-0.007529,-0.036939,-0.000275
-0.007510,-0.037019,-0.000491
-0.007394,-0.036153,-0.000744
-0.007363,-0.036629,-0.001161
-0.007504,-0.036732,-0.000503
0.000627,-0.025935,0.003967
-0.001012,-0.022372,0.005002
0.000742,-0.025513,0.003895
0.000947,-0.025111,0.003724
-0.000184,-0.021665,0.004631
-0.000378,-0.022976,0.004671
0.000652,-0.022774,0.004052
-0.000857,-0.023314,0.004895
-0.000808,-0.022873,0.004878
-0.003213,-0.023236,0.005312
-0.003312,-0.024121,0.005266
-0.002658,-0.022452,0.005353
-0.002381,-0.022062,0.005338
-0.003769,-0.024028,0.005148
-0.005008,-0.024703,0.004261
-0.004375,-0.023912,0.004784
-0.006908,-0.029296,0.000739
-0.006871,-0.028963,0.000946
-0.006810,-0.028517,0.001149
-0.006608,-0.026747,0.001301
-0.006777,-0.030375,0.000131
-0.006820,-0.029465,0.000090
-0.006817,-0.029015,0.000071
-0.006905,-0.028966,0.000725
-0.006525,-0.025864,0.001254
-0.005647,-0.024599,0.003445
-0.006186,-0.023192,0.002044
-0.005875,-0.024163,0.002977
-0.006404,-0.024095,0.000974
0.000923,-0.028301,0.002981
0.000852,-0.028736,0.003015
0.001022,-0.027872,0.002966
0.001137,-0.027436,0.003172
0.001148,-0.026978,0.003373
0.001050,-0.026951,0.003514
-0.001952,-0.029146,0.000486
-0.002391,-0.028611,0.000227
-0.002618,-0.028566,0.000113
-0.001166,-0.028844,0.000944
-0.006436,-0.031369,-0.000208
-0.005880,-0.030588,-0.000254
-0.005146,-0.030293,-0.000243
-0.005602,-0.030194,-0.000231
-0.004948,-0.028529,-0.000247
-0.005731,-0.029262,-0.000238
-0.003838,-0.026964,-0.000248
-0.003217,-0.028443,-0.000033
-0.005513,-0.035659,-0.000802
-0.005920,-0.035123,-0.000869
-0.006049,-0.034184,-0.000697
-0.006256,-0.033682,-0.000586
-0.006405,-0.033192,-0.000463
-0.006227,-0.033688,-0.000599
-0.006584,-0.032693,-0.000266
0.000624,-0.028701,0.002677
0.000958,-0.027802,0.002741
-0.001163,-0.028394,0.000925
0.000276,-0.028193,0.002291
-0.000011,-0.028140,0.002089
-0.000398,-0.028076,0.001601
-0.007264,-0.038775,-0.001065
-0.007164,-0.040289,-0.001216
-0.007355,-0.037544,-0.001342
-0.007179,-0.038061,-0.001965
-0.007273,-0.039374,-0.001480
-0.007300,-0.038918,-0.001500
-0.007309,-0.038024,-0.001759
-0.005945,-0.035350,-0.000942
-0.005742,-0.035615,-0.000911
-0.006922,-0.035822,-0.001179
-0.006673,-0.035604,-0.001179
-0.007099,-0.036245,-0.001388
-0.007181,-0.036689,-0.001592
-0.007206,-0.036189,-0.001175
-0.007214,-0.037143,-0.001794
-0.006198,-0.035525,-0.001105
-0.006653,-0.035424,-0.001071
-0.006159,-0.035179,-0.000957
-0.006376,-0.035025,-0.000922
-0.007292,-0.037576,-0.001778
-0.006791,-0.034470,-0.000573
-0.007024,-0.034869,-0.000564
-0.006714,-0.033851,-0.000376
-0.006733,-0.034024,-0.000422
-0.006626,-0.033594,-0.000384
-0.006495,-0.033170,-0.000397
-0.006557,-0.030365,-0.000081
-0.007308,-0.037111,-0.001547
-0.007130,-0.035489,-0.000762
-0.007269,-0.036660,-0.001376
-0.001627,-0.019519,0.005229
-0.000566,-0.018408,0.004912
-0.002053,-0.021230,0.005302
-0.000556,-0.022479,0.004802
0.000098,-0.020826,0.004534
0.000102,-0.019922,0.004567
-0.000487,-0.019782,0.004883
0.001249,-0.025194,0.003344
0.001312,-0.023397,0.003445
0.000277,-0.021325,0.004370
0.000703,-0.019619,0.004151
0.001256,-0.022023,0.003603
-0.003342,-0.022307,0.005271
-0.003985,-0.023881,0.005018
-0.002916,-0.020591,0.005323
-0.004809,-0.022935,0.004350
-0.005257,-0.023312,0.003844
-0.005623,-0.024154,0.003426
-0.004175,-0.023498,0.004924
-0.006871,-0.028963,0.000946
-0.006871,-0.028963,0.000946
-0.006822,-0.028517,0.001053
-0.006853,-0.028517,0.000928
-0.006773,-0.026761,0.000195
-0.006723,-0.026321,0.000178
-0.006693,-0.029497,-0.000040
-0.006884,-0.028539,0.000268
-0.006687,-0.028150,-0.000181
-0.006773,-0.027220,-0.000005
-0.006633,-0.028968,-0.000144
-0.005951,-0.023212,0.002713
-0.006414,-0.023681,0.000077
-0.006151,-0.022747,0.002026
-0.005719,-0.023242,0.003163
-0.006460,-0.024111,0.000314
0.001074,-0.027442,0.002730
0.001130,-0.027445,0.002952
0.001213,-0.027002,0.003156
-0.002112,-0.028215,0.000307
-0.003381,-0.027057,-0.000144
-0.002876,-0.026711,-0.000044
-0.006108,-0.030537,-0.000251
-0.006465,-0.029553,-0.000178
-0.006009,-0.029655,-0.000243
-0.006415,-0.029115,-0.000264
-0.005404,-0.028435,-0.000337
-0.004799,-0.027210,-0.000328
-0.006146,-0.028800,-0.000352
-0.006088,-0.028293,-0.000474
-0.005484,-0.027078,-0.000654
-0.005811,-0.027905,-0.000558
-0.004601,-0.025451,-0.000398
-0.004551,-0.025009,-0.000415
-0.004651,-0.025890,-0.000385
-0.003818,-0.024712,-0.000298
-0.006148,-0.035075,-0.000923
-0.006091,-0.034560,-0.000761
-0.006277,-0.034133,-0.000693
-0.006505,-0.034081,-0.000602
0.000660,-0.027373,0.002271
0.000931,-0.027422,0.002504
-0.001607,-0.027862,0.000562
-0.001329,-0.027463,0.000710
-0.001096,-0.027506,0.000889
0.000104,-0.027263,0.002025
-0.000206,-0.027658,0.001810
-0.000824,-0.027107,0.001045
-0.007334,-0.037557,-0.001560
-0.007302,-0.037114,-0.001578
-0.006894,-0.035480,-0.000973
-0.006604,-0.034973,-0.000855
-0.006326,-0.034578,-0.000770
-0.006781,-0.034455,-0.000573
-0.000576,-0.018405,0.004915
-0.001755,-0.018586,0.005258
-0.002033,-0.018977,0.005291
-0.000338,-0.018460,0.004846
-0.000517,-0.017968,0.004898
-0.000517,-0.017968,0.004898
-0.002668,-0.018387,0.005303
0.000268,-0.018607,0.004517
0.001499,-0.023907,0.003034
0.001347,-0.024316,0.003256
0.001436,-0.023432,0.003231
0.001533,-0.022551,0.003197
0.001381,-0.020697,0.003551
0.000901,-0.017859,0.004085
0.001523,-0.018924,0.003480
0.001566,-0.020293,0.003360
0.001437,-0.019354,0.003558
-0.003848,-0.022658,0.005096
-0.003540,-0.021817,0.005166
-0.003422,-0.020938,0.005225
-0.003402,-0.018686,0.005167
-0.005199,-0.022422,0.003808
-0.004383,-0.021206,0.004640
-0.003927,-0.021289,0.004994
-0.006737,-0.026778,-0.000022
-0.006467,-0.024580,-0.000106
-0.006674,-0.027701,-0.000200
-0.006594,-0.028624,-0.000229
-0.006544,-0.028187,-0.000313
-0.006673,-0.027248,-0.000162
-0.005879,-0.022326,0.002678
-0.006116,-0.022304,0.002008
-0.005988,-0.021420,0.002195
-0.006177,-0.022854,-0.000472
-0.006152,-0.021494,-0.000227
-0.006034,-0.020117,0.000817
-0.005990,-0.019696,0.000361
-0.005338,-0.021951,0.003563
0.001050,-0.026996,0.002501
0.001183,-0.027015,0.002716
0.001219,-0.027012,0.002937
0.001444,-0.024807,0.002851
-0.002142,-0.026409,0.000171
-0.006366,-0.028678,-0.000336
-0.005295,-0.026665,-0.000630
-0.006316,-0.028242,-0.000425
-0.006266,-0.027804,-0.000512
-0.006039,-0.027856,-0.000553
-0.005712,-0.027031,-0.000710
-0.005384,-0.026201,-0.000786
-0.005662,-0.026591,-0.000773
-0.004694,-0.025431,-0.000440
-0.004583,-0.024103,-0.000493
-0.005106,-0.025805,-0.000715
-0.004829,-0.025406,-0.000545
-0.001734,-0.025586,0.000342
-0.002578,-0.024063,-0.000005
-0.004631,-0.023643,-0.000545
0.000594,-0.026914,0.002113
-0.001002,-0.026624,0.000853
-0.001040,-0.027068,0.000872
-0.000140,-0.027221,0.001807
-0.000090,-0.026780,0.001778
-0.001000,-0.026625,0.000855
-0.000745,-0.017913,0.005012
-0.001657,-0.017706,0.005230
-0.000239,-0.017579,0.004821
-0.000517,-0.017968,0.004898
-0.000467,-0.017527,0.004889
-0.002291,-0.017115,0.005282
0.001397,-0.023876,0.003241
0.001488,-0.024365,0.002834
0.001536,-0.023925,0.002816
0.001447,-0.023437,0.003204
0.001581,-0.023483,0.002799
0.001626,-0.023042,0.002782
0.001680,-0.022603,0.002765
0.001734,-0.022164,0.002748
0.001734,-0.021704,0.002948
0.001586,-0.018034,0.003463
0.001296,-0.017052,0.003830
0.001914,-0.019488,0.002860
0.001764,-0.018537,0.003201
0.001920,-0.020400,0.002680
0.001627,-0.019858,0.003304
-0.004049,-0.020816,0.004883
-0.003907,-0.019039,0.004910
-0.002791,-0.017009,0.005208
-0.003481,-0.017320,0.005041
-0.003986,-0.017675,0.004740
-0.004034,-0.018566,0.004787
-0.005309,-0.021507,0.003544
-0.005018,-0.020653,0.003862
-0.004284,-0.020322,0.004688
-0.006396,-0.026871,-0.000468
-0.006373,-0.025974,-0.000482
-0.006206,-0.023755,-0.000571
-0.006039,-0.024251,-0.000763
-0.006148,-0.024677,-0.000683
-0.006247,-0.025553,-0.000599
-0.006495,-0.027749,-0.000379
-0.006434,-0.027313,-0.000427
-0.005721,-0.021448,0.002866
-0.005949,-0.020978,0.002177
-0.006086,-0.022429,-0.000624
-0.005901,-0.020664,-0.000692
-0.005857,-0.020222,-0.000710
-0.005965,-0.020083,0.001918
-0.005853,-0.017901,0.000730
-0.005869,-0.019308,-0.000530
-0.005830,-0.019775,-0.000671
0.000871,-0.026519,0.002181
0.001327,-0.025253,0.002426
0.001442,-0.024815,0.002631
-0.000961,-0.026184,0.000837
-0.006217,-0.027366,-0.000563
-0.005890,-0.026542,-0.000756
-0.005563,-0.025716,-0.000884
-0.005285,-0.025323,-0.000888
-0.005841,-0.026104,-0.000818
-0.004730,-0.024524,-0.000544
-0.005007,-0.024927,-0.000796
-0.002490,-0.024081,0.000027
-0.002350,-0.024110,0.000056
-0.001729,-0.024686,0.000303
-0.002757,-0.023576,-0.000074
-0.002529,-0.023621,0.000006
-0.002529,-0.023621,0.000006
-0.005190,-0.024443,-0.000942
-0.005086,-0.023561,-0.000932
-0.004482,-0.022324,-0.000640
-0.005226,-0.023084,-0.001002
-0.003263,-0.021863,-0.000318
0.000495,-0.026446,0.002005
0.000693,-0.026037,0.002008
-0.000497,-0.026265,0.001241
-0.000083,-0.026718,0.001774
-0.000031,-0.026343,0.001760
-0.000596,-0.016592,0.004977
-0.000873,-0.016980,0.005047
-0.001835,-0.017215,0.005238
-0.001002,-0.016046,0.005106
-0.000454,-0.017530,0.004882
0.000366,-0.016366,0.004580
0.001328,-0.016150,0.003945
-0.001964,-0.016282,0.005292
0.001485,-0.024375,0.002614
0.001535,-0.023935,0.002597
0.001584,-0.023495,0.002580
0.001626,-0.023053,0.002563
0.001678,-0.022613,0.002546
0.001739,-0.022175,0.002529
0.001785,-0.021724,0.002731
0.002041,-0.018164,0.002781
0.002141,-0.017281,0.002787
0.001615,-0.016679,0.003607
0.001992,-0.018604,0.002809
0.002059,-0.019538,0.002428
0.002101,-0.019096,0.002411
0.001849,-0.021297,0.002496
0.001896,-0.020856,0.002478
-0.004693,-0.018905,0.004116
-0.003510,-0.015512,0.004905
-0.002499,-0.014812,0.005250
-0.003605,-0.016845,0.004949
-0.003838,-0.016350,0.004790
-0.004343,-0.016713,0.004331
-0.004823,-0.017534,0.003832
-0.004720,-0.018002,0.003992
-0.005634,-0.020113,0.002812
-0.005076,-0.019744,0.003698
-0.006068,-0.026049,-0.000722
-0.005999,-0.023357,-0.000764
-0.005920,-0.024734,-0.000872
-0.005660,-0.023891,-0.000984
-0.006019,-0.025612,-0.000780
-0.005969,-0.025173,-0.000828
-0.005949,-0.022917,-0.000792
-0.005801,-0.021599,-0.000902
-0.005850,-0.022039,-0.000870
-0.005751,-0.021158,-0.000913
-0.005701,-0.020719,-0.000935
-0.005651,-0.020279,-0.000985
-0.005694,-0.019817,-0.000941
-0.005731,-0.018897,-0.000774
-0.005806,-0.019645,0.002345
-0.005767,-0.017430,0.001592
-0.005690,-0.016545,0.001557
-0.005773,-0.018310,0.002070
-0.005784,-0.018426,-0.000565
-0.005752,-0.017521,-0.000382
-0.005752,-0.016140,0.000218
-0.005745,-0.016909,0.000031
-0.005677,-0.015656,0.001299
-0.005743,-0.017062,-0.000182
0.001070,-0.024759,0.002089
0.001154,-0.025225,0.002198
0.001358,-0.024808,0.002408
-0.001170,-0.024344,0.000530
-0.000767,-0.024422,0.000769
-0.000397,-0.025384,0.001214
-0.005791,-0.025665,-0.000870
-0.005741,-0.025226,-0.000913
-0.005598,-0.025258,-0.000923
-0.005429,-0.025293,-0.000915
-0.005513,-0.025277,-0.000940
-0.005247,-0.024988,-0.000921
-0.005215,-0.024888,-0.000923
-0.002529,-0.023621,0.000006
-0.002301,-0.023670,0.000050
-0.002484,-0.023182,-0.000011
-0.002479,-0.023181,-0.000010
-0.005195,-0.023990,-0.000961
-0.005235,-0.024884,-0.000936
-0.005414,-0.024398,-0.001026
-0.005364,-0.023958,-0.001033
-0.005241,-0.023530,-0.000983
-0.005199,-0.022639,-0.001020
-0.004888,-0.021800,-0.000957
-0.003371,-0.020752,-0.000516
-0.004568,-0.021017,-0.000845
-0.005265,-0.023075,-0.001021
-0.005215,-0.022634,-0.001029
0.000058,-0.025461,0.001722
-0.000167,-0.025873,0.001515
0.000336,-0.025064,0.001846
0.000891,-0.024274,0.001984
0.000535,-0.024652,0.001929
-0.000041,-0.026341,0.001752
0.000793,-0.014654,0.004515
0.000533,-0.013684,0.004755
-0.000824,-0.016539,0.005040
-0.000774,-0.016099,0.005023
-0.000790,-0.016095,0.005027
-0.000995,-0.014238,0.005159
-0.002221,-0.014418,0.005293
-0.001617,-0.013194,0.005300
0.002056,-0.014970,0.003550
0.001249,-0.014765,0.004245
0.001027,-0.014654,0.004376
0.002012,-0.015873,0.003368
0.002111,-0.015444,0.003353
0.001400,-0.024367,0.002390
0.001457,-0.023927,0.002374
0.001514,-0.023489,0.002357
0.001554,-0.023046,0.002340
0.001610,-0.022608,0.002323
0.001688,-0.022175,0.002307
0.001801,-0.021738,0.002513
0.002249,-0.017775,0.002360
0.002144,-0.018656,0.002393
0.002192,-0.018215,0.002376
0.002062,-0.015885,0.003307
0.002349,-0.017357,0.002126
0.002332,-0.015962,0.002944
0.002702,-0.016079,0.002084
0.002052,-0.019547,0.002208
0.001989,-0.019984,0.002225
0.002097,-0.019106,0.002191
0.001819,-0.021299,0.002275
0.001764,-0.021740,0.002291
0.001870,-0.020860,0.002258
-0.005063,-0.019296,0.003678
-0.005176,-0.018381,0.003415
-0.003427,-0.013276,0.004803
-0.004111,-0.014952,0.004408
-0.004054,-0.014064,0.004372
-0.002350,-0.013489,0.005255
-0.004771,-0.016643,0.003796
-0.004839,-0.015286,0.003515
-0.004711,-0.013961,0.003463
-0.005077,-0.017048,0.003363
-0.005344,-0.019255,0.003226
-0.005602,-0.019671,0.002789
-0.005543,-0.023466,-0.001015
-0.005692,-0.024788,-0.000965
-0.005642,-0.024348,-0.000996
-0.005593,-0.023908,-0.001019
-0.005507,-0.022572,-0.001035
-0.005622,-0.022095,-0.001026
-0.005573,-0.021656,-0.001048
-0.005523,-0.021215,-0.001066
-0.005474,-0.020776,-0.001091
-0.005424,-0.020337,-0.001138
-0.005374,-0.019898,-0.001204
-0.005398,-0.018988,-0.001185
-0.005421,-0.019434,-0.001166
-0.005365,-0.018545,-0.001203
-0.005668,-0.018764,0.002533
-0.005557,-0.017436,0.002480
-0.005398,-0.015666,0.002410
-0.005354,-0.018097,-0.001222
-0.005533,-0.017597,-0.001030
-0.005544,-0.016243,-0.001089
-0.005447,-0.016723,-0.001284
-0.005570,-0.015775,-0.000890
-0.005708,-0.015707,-0.000019
-0.005679,-0.014772,0.000821
-0.005563,-0.015212,0.001691
-0.005639,-0.013845,0.001003
0.001177,-0.024779,0.002180
0.001120,-0.024319,0.002083
-0.000883,-0.023502,0.000571
-0.001121,-0.023904,0.000513
-0.000705,-0.023983,0.000760
-0.000476,-0.024026,0.000909
-0.000685,-0.023810,0.000746
-0.000268,-0.024959,0.001252
-0.005464,-0.024839,-0.001004
-0.002390,-0.022751,-0.000026
-0.005315,-0.023517,-0.001018
-0.005166,-0.022194,-0.001049
-0.005116,-0.021753,-0.001057
-0.005017,-0.020874,-0.001100
-0.000737,-0.021733,0.000434
-0.002261,-0.019185,-0.000494
-0.001805,-0.019276,-0.000318
-0.003475,-0.020284,-0.000614
-0.004640,-0.019603,-0.001173
-0.005493,-0.023026,-0.001030
-0.005443,-0.022586,-0.001059
-0.005394,-0.022146,-0.001086
-0.000199,-0.023629,0.001056
0.000264,-0.024152,0.001677
0.000435,-0.024181,0.001843
0.000941,-0.023834,0.001966
0.000719,-0.023338,0.001880
0.001166,-0.013378,0.004547
0.000292,-0.013171,0.004943
-0.000962,-0.011527,0.005340
-0.000655,-0.012954,0.005218
-0.002073,-0.013095,0.005307
0.001575,-0.013933,0.004241
0.002160,-0.014999,0.003429
0.002292,-0.013822,0.003730
0.002111,-0.015444,0.003353
0.002111,-0.015444,0.003353
0.001215,-0.024335,0.002162
0.001274,-0.023898,0.002145
0.001447,-0.023479,0.002259
0.001337,-0.023460,0.002129
0.001382,-0.023020,0.002112
0.001453,-0.022585,0.002096
0.001595,-0.022160,0.002155
0.001645,-0.021722,0.002093
0.002206,-0.018226,0.002158
0.002143,-0.018665,0.002174
0.002293,-0.015493,0.003142
0.002349,-0.017375,0.001687
0.002504,-0.016958,0.001675
0.002273,-0.017801,0.001922
0.002459,-0.015537,0.002931
0.002955,-0.015221,0.002277
0.003129,-0.015290,0.001627
0.003079,-0.015212,0.001842
0.001908,-0.019976,0.002001
0.001985,-0.019542,0.001986
0.001843,-0.020414,0.002018
0.002034,-0.019102,0.001969
0.001695,-0.021283,0.002055
0.001744,-0.020842,0.002036
-0.005450,-0.018792,0.002982
-0.003619,-0.012339,0.004623
-0.004188,-0.013141,0.004108
-0.003213,-0.012865,0.004929
-0.004406,-0.013557,0.003897
-0.002707,-0.012513,0.005166
-0.005193,-0.016583,0.003117
-0.005495,-0.014764,0.001928
-0.005136,-0.013458,0.002543
-0.005373,-0.013877,0.002114
-0.004795,-0.013052,0.003200
-0.005485,-0.022125,-0.001053
-0.005440,-0.021684,-0.001070
-0.005397,-0.021244,-0.001088
-0.005383,-0.020795,-0.001107
-0.005246,-0.020828,-0.001149
-0.005195,-0.020387,-0.001202
-0.005146,-0.019950,-0.001260
-0.005325,-0.019459,-0.001238
-0.005275,-0.019019,-0.001279
-0.005226,-0.018581,-0.001310
-0.005353,-0.017641,-0.001241
-0.005175,-0.018140,-0.001354
-0.005411,-0.014938,-0.001580
-0.005499,-0.014770,-0.001151
-0.005187,-0.016182,-0.001737
-0.005679,-0.014803,0.000163
-0.005677,-0.014342,0.000363
-0.005463,-0.014321,0.001900
-0.005660,-0.013925,-0.000314
-0.005654,-0.013416,0.000984
-0.005542,-0.012970,0.001409
0.001169,-0.023879,0.002060
-0.000628,-0.023550,0.000737
-0.005344,-0.021706,-0.001102
-0.005295,-0.021267,-0.001122
-0.004868,-0.019559,-0.001272
-0.000407,-0.021350,0.000503
-0.000159,-0.019157,0.000193
-0.001478,-0.018447,-0.000396
-0.001835,-0.017483,-0.000776
-0.003526,-0.018005,-0.001154
-0.002569,-0.017782,-0.000897
-0.003383,-0.018794,-0.000895
-0.004819,-0.019121,-0.001322
-0.004313,-0.018775,-0.001229
0.000584,-0.022866,0.001713
0.000049,-0.021435,0.000777
-0.000337,-0.022259,0.000693
0.000991,-0.023394,0.001947
0.000812,-0.022908,0.001870
0.000799,-0.022905,0.001864
0.000659,-0.011661,0.005112
0.000128,-0.012224,0.005129
0.002012,-0.012118,0.004525
0.001337,-0.011867,0.004928
0.001774,-0.012152,0.004641
-0.000377,-0.012563,0.005200
-0.000129,-0.010353,0.005320
-0.002450,-0.011663,0.005211
-0.002003,-0.010402,0.005240
-0.002330,-0.011235,0.005229
-0.001725,-0.010009,0.005277
-0.002658,-0.012071,0.005164
0.002592,-0.012812,0.003918
0.002458,-0.012317,0.004208
0.002247,-0.015021,0.003340
0.003269,-0.013476,0.002874
0.003137,-0.013418,0.003086
0.003465,-0.013831,0.002457
0.003066,-0.013185,0.003293
0.001218,-0.023440,0.002035
0.001268,-0.023000,0.002019
0.001318,-0.022560,0.001979
0.001545,-0.022153,0.002081
0.001367,-0.022122,0.001928
0.001691,-0.021283,0.002049
0.001417,-0.021681,0.001884
0.002086,-0.018663,0.001952
0.002278,-0.017371,0.001464
0.002228,-0.017800,0.001700
0.002624,-0.016543,0.001442
0.003392,-0.014424,0.002040
0.003359,-0.014898,0.001399
0.001844,-0.019966,0.001917
0.001893,-0.019529,0.001851
0.001560,-0.020413,0.001787
0.001747,-0.020814,0.002031
0.001516,-0.020802,0.001840
0.001896,-0.019082,0.001742
-0.004282,-0.011780,0.003825
-0.003391,-0.011932,0.004746
-0.004081,-0.011362,0.004035
-0.003927,-0.010938,0.004150
-0.004774,-0.012605,0.003182
-0.003292,-0.011499,0.004794
-0.005364,-0.013432,0.002017
-0.005224,-0.012548,0.002282
-0.005047,-0.019071,-0.001335
-0.004997,-0.018632,-0.001370
-0.004898,-0.017757,-0.001518
-0.005027,-0.016833,-0.001681
-0.004799,-0.016886,-0.001790
-0.005616,-0.013724,-0.000760
-0.005326,-0.014966,-0.001795
-0.004758,-0.016529,-0.001925
-0.005042,-0.015938,-0.001962
-0.005709,-0.013022,-0.000574
-0.005716,-0.012478,0.000501
-0.005215,-0.012098,0.002255
-0.005332,-0.011633,0.002019
-0.005696,-0.010232,0.001285
-0.005746,-0.010637,0.001080
-0.005534,-0.011159,0.001551
-0.000180,-0.021393,0.000642
-0.000175,-0.020050,0.000384
-0.000198,-0.021562,0.000668
0.000068,-0.019204,0.000284
0.000029,-0.019550,0.000371
0.000217,-0.017893,0.000005
-0.000638,-0.017211,-0.000416
-0.002519,-0.017346,-0.001021
-0.002241,-0.016955,-0.001029
-0.002876,-0.016382,-0.001388
-0.004115,-0.017032,-0.001723
-0.003580,-0.016423,-0.001664
-0.003758,-0.017992,-0.001282
-0.004736,-0.018388,-0.001404
-0.004442,-0.017856,-0.001531
0.000861,-0.022470,0.001797
0.000671,-0.022092,0.001604
-0.000151,-0.021397,0.000663
0.000782,-0.021116,0.001377
0.000479,-0.020620,0.000874
0.001040,-0.022955,0.001926
0.001090,-0.022514,0.001882
0.000455,-0.011388,0.005217
0.000733,-0.010996,0.005212
0.001182,-0.011167,0.005112
0.000376,-0.010012,0.005302
0.000058,-0.010761,0.005270
0.002076,-0.011535,0.004723
0.002285,-0.011767,0.004521
0.001595,-0.011649,0.004902
0.002557,-0.011424,0.004509
0.002508,-0.011871,0.004364
0.001608,-0.011541,0.004924
-0.000893,-0.008835,0.005263
-0.002961,-0.011113,0.004947
-0.002459,-0.010310,0.005094
-0.002229,-0.010332,0.005162
-0.002933,-0.010668,0.004929
-0.001562,-0.008567,0.005112
0.003281,-0.011234,0.004097
0.003536,-0.011672,0.003686
0.003398,-0.012301,0.003488
0.003511,-0.013057,0.002866
0.003998,-0.013260,0.002234
0.003864,-0.013153,0.002443
0.003933,-0.011775,0.003266
0.001060,-0.020717,0.001558
0.001802,-0.018621,0.001499
0.002091,-0.017781,0.001476
0.002185,-0.016970,0.001003
0.002349,-0.016944,0.001229
0.002026,-0.017336,0.001013
0.003330,-0.015088,0.001187
0.003456,-0.014448,0.001824
0.003876,-0.013626,0.002025
0.003427,-0.014921,0.001184
0.003803,-0.014092,0.001382
0.003694,-0.014058,0.001596
0.001582,-0.019475,0.001527
0.001110,-0.020281,0.001414
-0.004862,-0.009891,0.002842
-0.005018,-0.010770,0.002653
-0.004561,-0.010387,0.003299
-0.004105,-0.010460,0.003892
-0.003143,-0.010179,0.004734
-0.003739,-0.010074,0.004213
-0.005399,-0.010265,0.001958
-0.004843,-0.018215,-0.001416
-0.004618,-0.017351,-0.001665
-0.004571,-0.016939,-0.001831
-0.005587,-0.012657,-0.001905
-0.005241,-0.014543,-0.002030
-0.004966,-0.015062,-0.002216
-0.004866,-0.015535,-0.002192
-0.004593,-0.016044,-0.002160
-0.004484,-0.016176,-0.002150
-0.004650,-0.015588,-0.002313
-0.005721,-0.012565,-0.000536
-0.005795,-0.012092,-0.000398
-0.005807,-0.011600,0.000460
-0.005638,-0.009784,0.001488
-0.005824,-0.010675,0.000859
-0.005829,-0.009761,0.001040
0.000468,-0.019790,0.000618
0.000247,-0.019685,0.000472
0.000210,-0.019230,0.000364
0.001170,-0.017713,0.000336
0.000716,-0.017610,0.000094
0.000416,-0.016146,-0.000378
-0.000040,-0.016053,-0.000516
-0.002142,-0.016084,-0.001256
-0.001586,-0.015301,-0.001299
-0.000397,-0.015091,-0.000909
-0.002370,-0.016037,-0.001343
-0.002591,-0.015932,-0.001427
-0.002598,-0.015992,-0.001414
-0.004243,-0.016119,-0.002146
-0.004343,-0.016986,-0.001808
-0.003914,-0.015740,-0.002147
-0.003461,-0.015380,-0.002006
-0.002548,-0.015557,-0.001544
0.001238,-0.010656,0.005179
0.000932,-0.009229,0.005263
0.002545,-0.011420,0.004516
0.002165,-0.010743,0.004912
0.002468,-0.010943,0.004712
0.003112,-0.010643,0.004455
0.000550,-0.008469,0.005191
-0.000585,-0.008185,0.005134
-0.001046,-0.008131,0.005114
-0.002638,-0.009826,0.004964
-0.002278,-0.008711,0.004871
-0.001988,-0.008208,0.004861
-0.001755,-0.008210,0.004957
-0.001022,-0.007914,0.005035
0.003470,-0.009816,0.004483
0.003747,-0.011268,0.003677
0.003800,-0.012924,0.002651
0.004393,-0.012826,0.002230
0.004474,-0.013200,0.001590
0.004290,-0.010599,0.003449
0.004342,-0.012252,0.002643
0.001652,-0.018599,0.001272
0.001739,-0.018835,0.001506
0.001819,-0.018138,0.001259
0.003333,-0.015072,0.000966
0.001925,-0.017210,0.000784
0.003073,-0.015322,0.000613
0.002147,-0.016480,0.000541
0.001586,-0.018148,0.000924
0.003952,-0.013662,0.001590
0.003676,-0.014535,0.000956
0.004742,-0.012939,0.001369
0.001492,-0.018965,0.001282
0.001030,-0.018941,0.000700
-0.005018,-0.009868,0.002615
-0.004696,-0.009917,0.003069
-0.005096,-0.008956,0.002407
-0.005017,-0.010319,0.002610
-0.004331,-0.009525,0.003506
-0.003272,-0.009258,0.004481
-0.003052,-0.009371,0.004649
-0.003956,-0.009140,0.003798
-0.005327,-0.009370,0.002142
-0.005470,-0.009348,0.001915
-0.005303,-0.013095,-0.002534
-0.005642,-0.011944,-0.002377
-0.005842,-0.011612,-0.001520
-0.005889,-0.011150,-0.000003
-0.004779,-0.014663,-0.002450
-0.005107,-0.013440,-0.002732
-0.004606,-0.015150,-0.002419
-0.004602,-0.015165,-0.002418
-0.004472,-0.016072,-0.002198
-0.004422,-0.015637,-0.002350
-0.005698,-0.008868,0.001446
-0.005908,-0.010217,0.000616
-0.006028,-0.009298,0.000352
-0.006033,-0.009067,0.000342
0.001074,-0.018555,0.000589
0.001459,-0.017224,0.000326
0.000951,-0.017592,0.000167
0.001229,-0.017200,0.000177
0.001000,-0.017159,0.000086
0.001270,-0.016838,0.000083
0.001937,-0.015082,-0.000407
0.000809,-0.014740,-0.000686
0.001622,-0.015798,-0.000169
-0.002321,-0.015601,-0.001431
-0.002092,-0.015646,-0.001363
-0.000982,-0.014087,-0.001487
-0.002666,-0.014540,-0.001930
-0.001844,-0.013472,-0.002048
-0.002052,-0.015292,-0.001433
-0.002271,-0.015166,-0.001563
0.000386,-0.014357,-0.000900
-0.002321,-0.015601,-0.001431
-0.003966,-0.015731,-0.002194
-0.004194,-0.015686,-0.002319
-0.003899,-0.015143,-0.002391
-0.003684,-0.015295,-0.002156
-0.003454,-0.014936,-0.002163
-0.002321,-0.015601,-0.001431
0.001794,-0.009873,0.005155
0.002300,-0.009535,0.005051
0.000763,-0.008657,0.005207
0.001893,-0.008994,0.005107
0.001209,-0.008843,0.005173
0.002706,-0.010085,0.004848
0.003162,-0.010195,0.004602
0.000847,-0.007919,0.004959
0.000674,-0.007389,0.004785
0.000406,-0.007687,0.004931
-0.000516,-0.007577,0.004931
-0.002687,-0.008476,0.004625
-0.002161,-0.007679,0.004611
-0.000972,-0.007483,0.004821
-0.001468,-0.007738,0.004860
-0.001223,-0.007637,0.004866
0.003776,-0.009440,0.004259
0.003211,-0.009751,0.004662
0.003261,-0.009310,0.004671
0.003572,-0.009385,0.004469
0.004786,-0.012468,0.002010
0.004958,-0.012525,0.001580
0.004173,-0.009546,0.003805
0.005036,-0.010232,0.002740
0.004580,-0.010109,0.003290
0.003350,-0.014927,0.000709
0.001936,-0.016003,0.000072
0.003078,-0.015281,0.000526
0.002302,-0.015965,0.000305
0.002567,-0.015679,0.000295
0.003369,-0.014787,0.000076
0.004809,-0.012963,0.001153
0.003569,-0.014551,0.000073
0.003821,-0.014163,-0.000153
0.004996,-0.012745,0.000931
-0.005329,-0.008919,0.002122
-0.004923,-0.008536,0.002561
-0.005047,-0.008517,0.002377
-0.004618,-0.008833,0.003026
-0.005065,-0.008064,0.002315
-0.003330,-0.007720,0.003907
-0.003875,-0.008711,0.003709
-0.002846,-0.008001,0.004378
-0.004374,-0.008723,0.003250
-0.004148,-0.008785,0.003482
-0.005437,-0.012222,-0.002797
-0.005763,-0.011286,-0.002410
-0.005901,-0.011227,-0.001759
-0.005980,-0.010250,-0.000485
-0.004653,-0.013571,-0.003148
-0.004373,-0.015205,-0.002500
-0.004551,-0.014719,-0.002603
-0.005064,-0.013069,-0.002966
-0.004403,-0.015473,-0.002397
-0.005863,-0.007941,0.001180
-0.005450,-0.008451,0.001878
-0.006040,-0.009776,-0.000288
-0.006017,-0.007476,0.000714
-0.006087,-0.007482,0.000272
-0.006084,-0.007962,-0.000367
-0.006054,-0.009307,-0.000748
0.002111,-0.015597,-0.000086
0.001576,-0.014158,-0.000810
0.002617,-0.015254,-0.000060
0.002683,-0.014678,-0.000396
0.002210,-0.014734,-0.000514
0.000892,-0.014014,-0.000894
0.000436,-0.013922,-0.001063
0.000806,-0.012721,-0.001433
-0.002201,-0.012519,-0.002648
-0.002429,-0.012474,-0.002766
-0.001218,-0.012069,-0.002419
-0.000324,-0.012413,-0.001929
-0.004013,-0.015277,-0.002390
-0.004145,-0.015253,-0.002474
-0.003639,-0.014902,-0.002309
-0.003867,-0.014863,-0.002512
-0.002931,-0.012790,-0.002894
0.002600,-0.008950,0.004852
0.002171,-0.008611,0.004911
0.002196,-0.008392,0.004812
0.001536,-0.008028,0.004786
0.001337,-0.007724,0.004750
0.001180,-0.007053,0.004624
0.000241,-0.007091,0.004680
-0.000504,-0.007474,0.004887
-0.000742,-0.007513,0.004879
-0.002618,-0.007599,0.004346
-0.001911,-0.007538,0.004615
-0.002340,-0.007211,0.004270
-0.000695,-0.007096,0.004728
-0.001420,-0.007318,0.004624
0.004212,-0.008651,0.003802
0.003552,-0.008814,0.004443
0.003311,-0.008873,0.004600
0.005065,-0.012087,0.001821
0.005288,-0.011695,0.001557
0.004410,-0.009154,0.003612
0.004223,-0.009105,0.003797
0.005443,-0.010817,0.001707
0.005492,-0.010374,0.001778
0.005242,-0.009831,0.002574
0.005164,-0.009354,0.002770
0.003190,-0.014920,0.000075
0.002339,-0.015639,0.000079
0.003138,-0.014781,-0.000153
0.003392,-0.014593,-0.000151
0.003122,-0.014909,-0.000003
0.005082,-0.012600,0.000489
0.003400,-0.014526,-0.000203
0.003420,-0.014357,-0.000380
0.003935,-0.013933,-0.000379
0.004739,-0.012995,0.000106
0.004481,-0.013227,-0.000388
0.005094,-0.012593,0.000709
-0.004997,-0.008075,0.002394
-0.005526,-0.007544,0.001615
-0.004920,-0.007397,0.002292
-0.005126,-0.007162,0.001985
-0.002828,-0.007407,0.004134
-0.003997,-0.007456,0.003210
-0.002796,-0.007124,0.003999
-0.004577,-0.007698,0.002759
-0.004925,-0.012856,-0.003189
-0.005393,-0.011845,-0.003035
-0.005720,-0.010413,-0.002886
-0.005957,-0.009873,-0.002039
-0.005947,-0.010304,-0.001580
-0.004402,-0.013427,-0.003317
-0.004581,-0.012943,-0.003392
-0.004095,-0.014815,-0.002633
-0.004356,-0.014762,-0.002645
-0.004323,-0.014771,-0.002660
-0.004254,-0.013902,-0.003118
-0.005632,-0.007527,0.001471
-0.005845,-0.007495,0.001161
-0.005877,-0.007046,0.000921
-0.006005,-0.007038,0.000476
-0.006001,-0.007099,-0.000841
-0.006065,-0.008456,-0.001225
-0.006008,-0.008947,-0.001799
0.002716,-0.014393,-0.000531
0.002309,-0.013868,-0.000848
0.002499,-0.014248,-0.000641
0.001479,-0.012965,-0.001176
0.002944,-0.014438,-0.000453
0.000634,-0.012189,-0.001741
0.001774,-0.012422,-0.001412
0.001368,-0.011899,-0.001797
-0.001423,-0.011828,-0.002657
-0.002003,-0.010795,-0.003537
-0.003148,-0.012649,-0.003129
-0.002515,-0.011204,-0.003606
-0.001078,-0.011408,-0.002662
0.000000,-0.011624,-0.002293
-0.000223,-0.011535,-0.002403
-0.003818,-0.014430,-0.002686
-0.003786,-0.013993,-0.002876
-0.003718,-0.013565,-0.003077
0.002400,-0.008648,0.004831
0.001922,-0.006699,0.004288
0.002940,-0.008022,0.004385
0.003154,-0.008197,0.004401
0.001644,-0.007083,0.004514
0.000525,-0.006651,0.004452
0.000039,-0.006810,0.004555
0.000989,-0.006674,0.004471
-0.000392,-0.006500,0.004410
-0.002568,-0.007168,0.004133
-0.001859,-0.007084,0.004377
-0.002568,-0.007168,0.004133
-0.002313,-0.006971,0.004135
-0.001357,-0.006773,0.004384
-0.001379,-0.006959,0.004467
-0.000864,-0.006538,0.004392
-0.001586,-0.006919,0.004381
0.004272,-0.008666,0.003752
0.003588,-0.008493,0.004328
0.004094,-0.008175,0.003775
0.003361,-0.008438,0.004438
0.003096,-0.008709,0.004641
0.005352,-0.011643,0.001337
0.005125,-0.008445,0.002730
0.004352,-0.008239,0.003570
0.005489,-0.011305,0.001108
0.005656,-0.010450,0.000858
0.005656,-0.009990,0.001058
0.005552,-0.009938,0.001711
0.005337,-0.009655,0.002351
0.005367,-0.008968,0.002322
0.005337,-0.011836,0.000026
0.005410,-0.011779,0.000246
0.003678,-0.014143,-0.000396
0.003222,-0.014053,-0.000593
0.003955,-0.013757,-0.000519
0.005050,-0.012313,-0.000185
0.004628,-0.012993,-0.000392
0.003966,-0.013662,-0.000609
0.004236,-0.013343,-0.000612
0.004348,-0.012954,-0.000844
-0.004442,-0.007278,0.002691
-0.005572,-0.007092,0.001374
-0.005127,-0.006728,0.001596
-0.004597,-0.006608,0.002051
-0.002568,-0.007168,0.004133
-0.003936,-0.006925,0.002960
-0.004214,-0.007316,0.002958
-0.002995,-0.006833,0.003663
-0.002452,-0.006161,0.003655
-0.005245,-0.010555,-0.003779
-0.004905,-0.011679,-0.003679
-0.005862,-0.009753,-0.002480
-0.005809,-0.009482,-0.002710
-0.005577,-0.010013,-0.003338
-0.005959,-0.008514,-0.001998
-0.004224,-0.013908,-0.003121
-0.004174,-0.013477,-0.003324
-0.004385,-0.013276,-0.003370
-0.004353,-0.012994,-0.003488
-0.004262,-0.012203,-0.003851
-0.004470,-0.011980,-0.003869
-0.004045,-0.014387,-0.002838
-0.004277,-0.014367,-0.002879
-0.004225,-0.013917,-0.003116
-0.005582,-0.007091,0.001362
-0.005790,-0.006624,0.000686
-0.005507,-0.006443,0.000909
-0.005851,-0.006621,0.000464
-0.005934,-0.007153,-0.001716
-0.006015,-0.007577,-0.001481
-0.005851,-0.006710,-0.001512
-0.005991,-0.008051,-0.001899
0.002748,-0.014112,-0.000637
0.002994,-0.014005,-0.000632
0.002994,-0.014005,-0.000632
0.002766,-0.013960,-0.000710
0.001953,-0.012901,-0.001152
0.002359,-0.013433,-0.001021
0.001956,-0.012876,-0.001161
0.001467,-0.011034,-0.002189
0.001824,-0.011990,-0.001640
0.001628,-0.011669,-0.001885
-0.002481,-0.010904,-0.003838
-0.000756,-0.010076,-0.003147
-0.001827,-0.010384,-0.003615
-0.000813,-0.010576,-0.002997
-0.003668,-0.013133,-0.003298
-0.003785,-0.012670,-0.003593
-0.002786,-0.011529,-0.003566
-0.000635,-0.011054,-0.002718
-0.000403,-0.011066,-0.002650
0.000364,-0.010479,-0.002646
0.001349,-0.010028,-0.002626
-0.003996,-0.013955,-0.003053
-0.003946,-0.013524,-0.003266
-0.003981,-0.013827,-0.003111
0.002800,-0.007205,0.004125
0.002180,-0.006493,0.004070
0.001481,-0.006462,0.004261
0.001736,-0.006288,0.004044
0.003899,-0.007835,0.003755
0.000773,-0.006525,0.004384
0.000562,-0.006330,0.004219
0.000328,-0.006332,0.004210
0.000097,-0.006318,0.004201
0.001001,-0.006573,0.004411
-0.000831,-0.006257,0.004162
-0.000595,-0.006239,0.004161
-0.001799,-0.006562,0.004137
-0.002290,-0.006779,0.004055
-0.001305,-0.006321,0.004146
0.005256,-0.008295,0.002289
0.004848,-0.007755,0.002689
0.004600,-0.007863,0.003074
0.005058,-0.007968,0.002487
0.005648,-0.010459,0.000638
0.005596,-0.010918,0.000216
0.005578,-0.009655,0.000821
0.005602,-0.009517,0.001256
0.005446,-0.009445,0.002126
0.005363,-0.009418,0.002326
0.005413,-0.008985,0.002122
0.005426,-0.010920,-0.000670
0.005059,-0.012184,-0.000410
0.005165,-0.011329,-0.000951
0.003500,-0.013668,-0.000755
0.003727,-0.013716,-0.000693
0.003231,-0.013975,-0.000624
0.002994,-0.014005,-0.000632
0.004653,-0.012567,-0.000849
0.004005,-0.013329,-0.000804
0.004067,-0.012786,-0.001082
0.004420,-0.012527,-0.001079
-0.004164,-0.006886,0.002726
-0.004280,-0.006429,0.002276
-0.005304,-0.006700,0.001361
-0.004977,-0.005890,0.000827
-0.004505,-0.005809,0.001581
-0.003153,-0.006184,0.003120
-0.003887,-0.006495,0.002718
-0.002616,-0.005844,0.003195
-0.001962,-0.005953,0.003665
-0.002423,-0.005908,0.003425
-0.004793,-0.010713,-0.004156
-0.005357,-0.010080,-0.003766
-0.005166,-0.010129,-0.003976
-0.004662,-0.011608,-0.003893
-0.005506,-0.009586,-0.003573
-0.005695,-0.009066,-0.002943
-0.005681,-0.008149,-0.002575
-0.004214,-0.013910,-0.003116
-0.004164,-0.013391,-0.003357
-0.004075,-0.012612,-0.003693
-0.003976,-0.011746,-0.004046
-0.004025,-0.012178,-0.003863
-0.004338,-0.010824,-0.004353
-0.004154,-0.011264,-0.004253
-0.005740,-0.006460,0.000461
-0.005719,-0.006315,-0.000424
-0.005574,-0.007729,-0.002776
-0.005859,-0.007635,-0.002072
-0.005265,-0.007374,-0.003439
-0.005516,-0.006820,-0.002373
-0.005561,-0.006331,-0.001737
-0.005383,-0.005869,-0.000650
-0.005381,-0.005898,-0.001308
0.003043,-0.013573,-0.000826
0.002181,-0.012949,-0.001149
0.002403,-0.013050,-0.001136
0.003192,-0.012280,-0.001472
0.002295,-0.011953,-0.001627
0.002181,-0.012949,-0.001149
0.002230,-0.012518,-0.001359
0.001794,-0.010217,-0.002522
0.002607,-0.011266,-0.001834
-0.002661,-0.010446,-0.004304
-0.001096,-0.009639,-0.003618
-0.000536,-0.010186,-0.003020
-0.000550,-0.009296,-0.003392
-0.002315,-0.009460,-0.004553
-0.003896,-0.013091,-0.003454
-0.003001,-0.011375,-0.003838
-0.000069,-0.010190,-0.002895
-0.000030,-0.009845,-0.003053
0.000247,-0.009007,-0.003153
0.001010,-0.008900,-0.002908
0.001857,-0.009660,-0.002623
0.002825,-0.006985,0.004019
0.003099,-0.006645,0.003673
0.001988,-0.006127,0.003827
0.002213,-0.006201,0.003839
0.002431,-0.006345,0.003853
0.001029,-0.006328,0.004237
0.001278,-0.006203,0.004022
0.001291,-0.006092,0.003798
0.001759,-0.006091,0.003816
0.004420,-0.007395,0.002877
0.003965,-0.007264,0.003329
0.003507,-0.007169,0.003711
0.000798,-0.006304,0.004228
0.000583,-0.006159,0.003993
0.000815,-0.006164,0.004002
0.000348,-0.006166,0.003984
-0.000342,-0.006072,0.003953
-0.000808,-0.006064,0.003934
-0.001043,-0.006078,0.003926
-0.001736,-0.006011,0.003754
-0.001513,-0.006107,0.003909
0.005241,-0.008059,0.001838
0.005489,-0.009014,0.001889
0.004872,-0.007561,0.002242
0.004441,-0.007216,0.002650
0.005086,-0.007746,0.001819
0.005532,-0.010483,-0.000465
0.005549,-0.009952,-0.000047
0.005522,-0.009559,-0.000065
0.005409,-0.008574,0.001207
0.005420,-0.008557,0.001647
0.005344,-0.010471,-0.001132
0.004926,-0.011735,-0.001094
0.004724,-0.012142,-0.001085
0.005071,-0.010873,-0.001345
0.005264,-0.010459,-0.001243
0.003321,-0.013188,-0.000964
0.004376,-0.012132,-0.001318
0.003926,-0.011987,-0.001500
0.003401,-0.012494,-0.001341
-0.004118,-0.006488,0.002504
-0.004047,-0.006027,0.002268
-0.004243,-0.005556,0.001763
-0.005463,-0.006091,0.000016
-0.004685,-0.005375,0.000675
-0.004218,-0.005341,0.001572
-0.004452,-0.005360,0.001124
-0.003604,-0.006062,0.002726
-0.002402,-0.005729,0.003199
-0.002876,-0.005800,0.002943
-0.002631,-0.005701,0.002968
-0.002178,-0.005803,0.003430
-0.001710,-0.005799,0.003448
-0.001725,-0.005925,0.003673
-0.004561,-0.010727,-0.004303
-0.004823,-0.009771,-0.004418
-0.004529,-0.009845,-0.004623
-0.005100,-0.009288,-0.004230
-0.005271,-0.009204,-0.004020
-0.005419,-0.008704,-0.003608
-0.003722,-0.011568,-0.004077
-0.003777,-0.010017,-0.004850
-0.004069,-0.010518,-0.004576
-0.004748,-0.005083,-0.000219
-0.004636,-0.004991,-0.000439
-0.005061,-0.006815,-0.003235
-0.004944,-0.007472,-0.004082
-0.005096,-0.007890,-0.004070
-0.004976,-0.006996,-0.003664
-0.004465,-0.005639,-0.002383
-0.004502,-0.005983,-0.002809
-0.004521,-0.006166,-0.003022
-0.005164,-0.005975,-0.001956
-0.005165,-0.005563,-0.000874
-0.004802,-0.005601,-0.001958
0.002181,-0.012949,-0.001149
0.002459,-0.012566,-0.001348
0.003291,-0.011408,-0.001739
0.003747,-0.011507,-0.001715
0.002835,-0.011311,-0.001741
0.003011,-0.009772,-0.002353
0.002927,-0.010506,-0.002105
0.002855,-0.010869,-0.001872
0.002885,-0.010874,-0.001855
-0.003173,-0.010849,-0.004307
-0.002651,-0.009356,-0.004791
-0.003272,-0.009678,-0.004912
-0.003093,-0.010157,-0.004653
-0.001348,-0.009148,-0.003966
-0.002211,-0.008543,-0.004688
-0.000516,-0.007959,-0.003634
0.000119,-0.008533,-0.003290
-0.002485,-0.008906,-0.004803
0.001078,-0.008724,-0.002913
0.002381,-0.009160,-0.002624
0.003549,-0.006803,0.003477
0.002678,-0.006236,0.003638
0.003347,-0.006530,0.003457
0.002727,-0.006087,0.003414
0.001998,-0.006049,0.003604
0.002229,-0.006069,0.003614
0.002457,-0.006121,0.003625
0.001047,-0.006183,0.004012
0.001051,-0.006154,0.003918
0.001053,-0.006157,0.003352
0.000822,-0.006119,0.003781
0.001532,-0.006043,0.003585
0.003971,-0.007216,0.003291
0.003820,-0.006499,0.002815
0.003750,-0.007094,0.003497
0.000357,-0.006099,0.003762
-0.000565,-0.005987,0.003721
-0.000797,-0.005972,0.003711
-0.001491,-0.005913,0.003682
0.005078,-0.007858,0.001164
0.004382,-0.006953,0.002197
0.004882,-0.007486,0.001800
0.004680,-0.007196,0.001999
0.004878,-0.007520,0.001998
0.004250,-0.006855,0.002407
0.005498,-0.010044,-0.000925
0.005546,-0.009584,-0.000503
0.005234,-0.008578,0.000321
0.005426,-0.008975,-0.000314
0.005518,-0.009136,-0.000743
0.005056,-0.008069,0.000700
0.005049,-0.008148,0.000295
0.005314,-0.010020,-0.001286
0.005431,-0.009589,-0.001167
0.004642,-0.011844,-0.001320
0.004749,-0.010899,-0.001577
0.004630,-0.009896,-0.001828
0.004431,-0.011646,-0.001503
0.003975,-0.011553,-0.001643
-0.004016,-0.005595,0.001998
-0.003797,-0.005720,0.002264
-0.003988,-0.005364,0.001801
-0.004650,-0.005086,0.000213
-0.004715,-0.005082,0.000002
-0.004419,-0.005084,0.000673
-0.004096,-0.005155,0.001349
-0.004226,-0.005137,0.001123
-0.003544,-0.005545,0.002266
-0.002393,-0.005663,0.002976
-0.002166,-0.005709,0.003207
-0.002857,-0.005649,0.002737
-0.002621,-0.005625,0.002746
-0.001934,-0.005720,0.003216
-0.001480,-0.005833,0.003459
-0.001476,-0.005802,0.003238
-0.004412,-0.009426,-0.004807
-0.004233,-0.009916,-0.004781
-0.004945,-0.008844,-0.004462
-0.005225,-0.008309,-0.003957
-0.003446,-0.010528,-0.004551
-0.003500,-0.009631,-0.004972
-0.003909,-0.009123,-0.005070
-0.004636,-0.004982,-0.000219
-0.004901,-0.005290,-0.000876
-0.004389,-0.004869,-0.000434
-0.004408,-0.005091,-0.001525
-0.004546,-0.006413,-0.003672
-0.004829,-0.007967,-0.004495
-0.004660,-0.007468,-0.004510
-0.004611,-0.007023,-0.004308
-0.003754,-0.005564,-0.002798
-0.004185,-0.005207,-0.001951
-0.003966,-0.005341,-0.002191
-0.004031,-0.005992,-0.003670
0.003063,-0.011359,-0.001713
0.003113,-0.010922,-0.001810
0.003560,-0.011101,-0.001834
0.003411,-0.010360,-0.002092
0.003261,-0.009623,-0.002335
0.002677,-0.008605,-0.002628
0.002888,-0.010847,-0.001871
0.003346,-0.010926,-0.001850
-0.002944,-0.008849,-0.005019
-0.002717,-0.008896,-0.004929
-0.003222,-0.009242,-0.005038
-0.001675,-0.007742,-0.004382
-0.002413,-0.008505,-0.004818
-0.002407,-0.008221,-0.004830
0.000852,-0.008228,-0.003018
-0.000466,-0.007516,-0.003586
-0.001751,-0.007274,-0.004405
0.001309,-0.008322,-0.002887
0.002238,-0.008354,-0.002664
0.003381,-0.006241,0.003141
0.002696,-0.006082,0.003422
0.003160,-0.006121,0.003212
0.002938,-0.006023,0.003200
0.002697,-0.006073,0.003412
0.002236,-0.006037,0.003173
0.002443,-0.006027,0.003400
0.002468,-0.006032,0.003417
0.000818,-0.006172,0.003343
0.001038,-0.006313,0.002918
0.003614,-0.006257,0.002797
0.003828,-0.006383,0.002151
-0.000564,-0.005990,0.003501
0.000348,-0.006206,0.003106
-0.001023,-0.005918,0.003481
0.004676,-0.007274,0.001123
0.004264,-0.006748,0.001964
0.005436,-0.008923,-0.000975
0.005016,-0.008088,0.000072
0.005057,-0.008099,-0.000146
0.005446,-0.008823,-0.000759
0.005270,-0.008297,-0.000569
0.004720,-0.009465,-0.001860
0.005185,-0.009099,-0.001497
0.005363,-0.009578,-0.001266
0.005262,-0.009111,-0.001414
0.004469,-0.011313,-0.001570
0.004253,-0.011163,-0.001692
0.003846,-0.010637,-0.001974
0.004223,-0.009370,-0.002145
0.004207,-0.011567,-0.001569
-0.003766,-0.005453,0.002034
-0.003746,-0.005280,0.001807
-0.003954,-0.005077,0.001351
-0.004165,-0.004919,0.000456
-0.004640,-0.005008,0.000002
-0.004171,-0.004962,0.000678
-0.004190,-0.005108,0.001123
-0.003525,-0.005386,0.002040
-0.003303,-0.005481,0.002273
-0.002386,-0.005625,0.002535
-0.001932,-0.005739,0.002558
-0.002616,-0.005585,0.002524
-0.001703,-0.005764,0.002787
-0.001023,-0.005942,0.003041
-0.004134,-0.009044,-0.005023
-0.004313,-0.008553,-0.004978
-0.004769,-0.008439,-0.004631
-0.003470,-0.009370,-0.005042
-0.003222,-0.009242,-0.005038
-0.004035,-0.008165,-0.005086
-0.003450,-0.009196,-0.005101
-0.003351,-0.008317,-0.005150
-0.004390,-0.004867,-0.000215
-0.004152,-0.004837,-0.000427
-0.003920,-0.004886,-0.001075
-0.003944,-0.005135,-0.001945
-0.004331,-0.006605,-0.004315
-0.003804,-0.006069,-0.004097
-0.003815,-0.006176,-0.004313
-0.004442,-0.007613,-0.004809
-0.004263,-0.008113,-0.005005
-0.004358,-0.007177,-0.004731
-0.003285,-0.005548,-0.002781
-0.003067,-0.005708,-0.003425
-0.003742,-0.005906,-0.003662
0.003589,-0.008793,-0.002424
0.004045,-0.008888,-0.002306
0.002954,-0.008211,-0.002570
0.002498,-0.008115,-0.002611
-0.002846,-0.007970,-0.005038
-0.003034,-0.008833,-0.005048
-0.003222,-0.009242,-0.005038
-0.002557,-0.007473,-0.004868
-0.002795,-0.007525,-0.004986
0.000896,-0.007837,-0.002958
0.001084,-0.008238,-0.002934
-0.001135,-0.007249,-0.003942
-0.000630,-0.006889,-0.003499
0.000092,-0.006680,-0.003040
0.000545,-0.006800,-0.002875
-0.000139,-0.006663,-0.003136
-0.002746,-0.007079,-0.004851
-0.002279,-0.007073,-0.004654
-0.001819,-0.007124,-0.004414
-0.001329,-0.006894,-0.003955
0.001191,-0.007283,-0.002751
0.001864,-0.007525,-0.002611
0.003399,-0.006096,0.002781
0.003171,-0.006035,0.002990
0.002708,-0.005983,0.003189
0.003160,-0.006178,0.001896
0.002708,-0.006007,0.002750
0.002198,-0.006429,0.001869
0.002472,-0.006007,0.003181
0.000545,-0.006582,0.002031
0.000776,-0.006617,0.001822
0.003622,-0.006220,0.002135
0.003400,-0.006104,0.002342
0.003400,-0.006091,0.002561
0.003621,-0.006239,0.001916
0.004050,-0.006586,0.001728
-0.000351,-0.006205,0.002859
0.000098,-0.006369,0.002664
0.000321,-0.006474,0.002457
0.004454,-0.007215,0.000232
0.004020,-0.006935,-0.000237
0.004255,-0.006856,0.001308
0.004656,-0.007561,0.000035
0.003818,-0.006622,0.000621
0.005310,-0.008661,-0.001211
0.005088,-0.007865,-0.001035
0.005235,-0.008174,-0.000796
0.004682,-0.007575,-0.000183
0.005079,-0.007924,-0.000593
0.004273,-0.008934,-0.002225
0.004757,-0.008766,-0.001888
0.004994,-0.008727,-0.001661
-0.003512,-0.005283,0.001816
-0.003731,-0.005160,0.001583
-0.003946,-0.005015,0.001129
-0.003720,-0.005074,0.001360
-0.003717,-0.005052,0.001139
-0.003931,-0.004917,0.000245
-0.003934,-0.004939,0.000466
-0.003942,-0.004987,0.000908
-0.003285,-0.005333,0.001827
-0.001939,-0.005817,0.002121
-0.002163,-0.005746,0.001889
-0.000807,-0.006116,0.002618
-0.000367,-0.006360,0.002425
-0.003708,-0.007331,-0.005046
-0.003480,-0.007381,-0.005058
-0.004196,-0.007511,-0.004930
-0.003918,-0.007119,-0.004936
-0.003173,-0.008805,-0.005105
-0.003692,-0.004912,-0.000625
-0.003691,-0.004933,-0.001284
-0.003468,-0.005051,-0.001710
-0.003254,-0.005242,-0.002133
-0.003053,-0.005559,-0.002771
-0.004287,-0.006730,-0.004528
-0.004088,-0.006534,-0.004528
-0.003338,-0.006084,-0.004299
-0.003865,-0.006639,-0.004735
-0.003354,-0.006234,-0.004512
-0.004123,-0.006850,-0.004736
-0.002847,-0.005852,-0.003850
-0.002376,-0.005800,-0.003394
0.004095,-0.008446,-0.002310
0.003441,-0.008034,-0.002411
0.003004,-0.007763,-0.002408
0.003651,-0.008244,-0.002394
0.002323,-0.007592,-0.002474
-0.002762,-0.007223,-0.004887
-0.003431,-0.006934,-0.004911
-0.001275,-0.006396,-0.003545
-0.000588,-0.006512,-0.003293
-0.000823,-0.006528,-0.003412
0.000559,-0.006675,-0.002802
-0.000342,-0.006392,-0.003069
0.000125,-0.006381,-0.002831
-0.002486,-0.006835,-0.004673
-0.002925,-0.006581,-0.004682
-0.002664,-0.006330,-0.004482
-0.002240,-0.006721,-0.004508
-0.002013,-0.006766,-0.004405
-0.001744,-0.006438,-0.004001
-0.001490,-0.006238,-0.003560
0.001029,-0.006634,-0.002565
0.001229,-0.006937,-0.002635
0.001685,-0.007030,-0.002491
0.002153,-0.007018,-0.002285
0.003174,-0.006011,0.002769
0.003164,-0.006133,0.002114
0.003154,-0.006241,0.001679
0.002192,-0.006510,0.001213
0.002138,-0.006492,0.001649
0.003395,-0.006172,0.001905
0.003390,-0.006220,0.001687
0.003169,-0.006077,0.002331
0.001009,-0.006629,0.001611
0.000315,-0.006537,0.002240
0.000317,-0.006518,0.002338
0.000772,-0.006668,0.001384
0.000800,-0.006655,0.001604
0.003398,-0.006130,0.002123
0.003616,-0.006284,0.001698
0.004044,-0.006652,0.001291
-0.000139,-0.006414,0.002451
0.000089,-0.006463,0.002448
0.000089,-0.006463,0.002448
0.004454,-0.007274,-0.001085
0.003801,-0.006817,-0.000470
0.004012,-0.007041,-0.000892
0.003590,-0.006587,0.000171
0.003604,-0.006421,0.001044
0.005079,-0.007947,-0.001251
0.005029,-0.008160,-0.001464
0.004673,-0.007401,-0.001071
0.004879,-0.007650,-0.001272
0.004778,-0.008575,-0.001871
-0.003502,-0.005200,0.001594
-0.003495,-0.005149,0.001372
-0.003714,-0.005040,0.000919
-0.003493,-0.005138,0.001151
-0.003712,-0.005030,0.000699
-0.002834,-0.005496,0.001412
-0.003277,-0.005285,0.001386
-0.001722,-0.005985,0.001697
-0.001502,-0.006142,0.000833
-0.001282,-0.006253,0.001066
-0.001048,-0.006215,0.001953
-0.000140,-0.006417,0.002437
-0.003658,-0.006883,-0.004895
-0.003048,-0.005374,0.000300
-0.003463,-0.004975,-0.001053
-0.003244,-0.005089,-0.000820
-0.003235,-0.005043,-0.001481
-0.003017,-0.005197,-0.001906
-0.002589,-0.005587,-0.002752
-0.002657,-0.005659,-0.002971
-0.003120,-0.006237,-0.004503
-0.003105,-0.006087,-0.004289
-0.003381,-0.006482,-0.004678
-0.002890,-0.006267,-0.004493
-0.002403,-0.006072,-0.004043
-0.002140,-0.005756,-0.002947
-0.001467,-0.006012,-0.003129
-0.001476,-0.006098,-0.003346
-0.001710,-0.006116,-0.003574
0.004372,-0.008045,-0.002084
0.003460,-0.007859,-0.002364
0.002588,-0.007304,-0.002256
0.003266,-0.007503,-0.002221
-0.001028,-0.006270,-0.003321
-0.001014,-0.006136,-0.003106
0.000366,-0.006304,-0.002605
-0.000317,-0.006158,-0.002794
-0.000079,-0.006109,-0.002631
0.000145,-0.006189,-0.002619
-0.002201,-0.006352,-0.004243
0.001248,-0.006764,-0.002551
0.001053,-0.006410,-0.002354
0.000608,-0.006215,-0.002380
0.002369,-0.007167,-0.002250
0.001068,-0.006276,-0.002139
0.002397,-0.006916,-0.002060
0.003182,-0.006274,0.001461
0.003388,-0.006254,0.001468
0.001251,-0.006584,0.000959
0.001728,-0.006531,0.000096
0.003611,-0.006342,0.001481
0.000816,-0.006669,0.001386
0.000089,-0.006463,0.002448
0.000544,-0.006640,0.000934
0.000773,-0.006663,0.001164
0.004453,-0.007287,-0.001304
0.004672,-0.007416,-0.001290
0.003324,-0.006944,-0.001363
0.002895,-0.006580,-0.000736
0.003361,-0.006563,-0.000059
0.002410,-0.006791,-0.001845
0.002664,-0.006567,-0.000965
0.003144,-0.006370,0.000804
0.003384,-0.006295,0.001250
0.004867,-0.007773,-0.001487
0.004638,-0.007739,-0.001717
0.004661,-0.007525,-0.001505
-0.003055,-0.005410,0.000960
-0.003051,-0.005396,0.000520
-0.002615,-0.005663,0.000769
-0.001051,-0.006300,0.000591
-0.002763,-0.005510,-0.000123
0.000011,-0.006534,0.000469
-0.003015,-0.005426,0.000523
-0.002590,-0.005501,-0.000557
-0.002341,-0.005421,-0.001870
-0.002358,-0.005533,-0.000986
-0.002122,-0.005571,-0.002294
-0.000523,-0.005886,-0.002218
0.004194,-0.007546,-0.001906
0.004428,-0.007527,-0.001735
0.003937,-0.007765,-0.002183
0.002597,-0.007214,-0.002175
0.003288,-0.007295,-0.002009
0.003534,-0.007171,-0.001785
0.003510,-0.007405,-0.002052
0.000383,-0.006146,-0.002392
-0.000071,-0.006026,-0.002415
0.000157,-0.006078,-0.002403
0.000844,-0.006192,-0.002152
0.000390,-0.006070,-0.002175
0.001966,-0.006582,-0.001871
0.000847,-0.006152,-0.001934
0.003240,-0.006297,0.001244
0.000809,-0.006426,-0.000604
0.001701,-0.006485,-0.000347
0.004225,-0.007252,-0.001534
0.004211,-0.007381,-0.001749
0.001978,-0.006431,-0.000778
0.001754,-0.006370,-0.001449
-0.003053,-0.005408,0.000719
-0.001697,-0.005787,-0.001169
-0.000773,-0.005987,-0.001182
-0.000355,-0.006365,0.000008
-0.000095,-0.006181,-0.001090
-0.001678,-0.005734,-0.001391
-0.001224,-0.005845,-0.001368
-0.000755,-0.005840,-0.001570
-0.000297,-0.005938,-0.001987
-0.000527,-0.005894,-0.001559
0.000161,-0.006034,-0.002185
-0.000071,-0.005999,-0.001756
0.001071,-0.006216,-0.001482
0.001354,-0.006430,-0.000802
0.000595,-0.006284,-0.001184
0.000832,-0.006256,-0.001270
0.001520,-0.006353,-0.001019