-0.003084,0.001954,0.004259
-0.003440,0.002351,0.004693
-0.003388,0.001834,0.005124
-0.002887,0.001563,0.004399
-0.003346,0.002452,0.004390
-0.003001,0.001949,0.003973
-0.003077,0.002159,0.003908
-0.002845,0.001603,0.004280
-0.002786,0.001642,0.004102
-0.003562,0.002219,0.004993
-0.003447,0.002371,0.004687
-0.002880,0.001182,0.005190
-0.003713,0.001890,0.005324
-0.003252,0.001290,0.005484
-0.002961,0.001084,0.005408
-0.002686,0.001095,0.004867
-0.002673,0.001250,0.004528
-0.002818,0.001162,0.005125
-0.002563,0.001376,0.004225
-0.002718,0.001559,0.004140
-0.003651,0.002737,0.004550
-0.003544,0.002845,0.004249
-0.002899,0.002088,0.003665
-0.002667,0.001817,0.003792
-0.003774,0.003607,0.003401
-0.003270,0.002689,0.003429
-0.003127,0.002276,0.003557
-0.002498,0.001515,0.004082
-0.002417,0.001686,0.003896
-0.004007,0.001967,0.005342
-0.003809,0.002449,0.004930
-0.003300,0.001192,0.005593
-0.003580,0.001365,0.005614
-0.004180,0.001464,0.005658
-0.002829,0.000650,0.005535
-0.003105,0.000720,0.005700
-0.002467,0.000898,0.004663
-0.002558,0.000868,0.004952
-0.002330,0.001160,0.004341
-0.002654,0.000813,0.005246
-0.004008,0.002753,0.004747
-0.003827,0.002954,0.004451
-0.003967,0.003489,0.003988
-0.002886,0.002086,0.003659
-0.002576,0.002028,0.003600
-0.003207,0.002834,0.003108
-0.003392,0.003291,0.002959
-0.004002,0.003848,0.003281
-0.004096,0.003804,0.003573
-0.002945,0.002583,0.003108
-0.003018,0.002396,0.003254
-0.002783,0.002193,0.003369
-0.001919,0.001414,0.004107
-0.001229,0.001685,0.003956
-0.002521,0.002124,0.003464
-0.004836,0.002058,0.005134
-0.004920,0.001794,0.005277
-0.005063,0.003143,0.004445
-0.004730,0.003281,0.004416
-0.003701,0.000990,0.005820
-0.003900,0.001375,0.005680
-0.004037,0.000898,0.005888
-0.005140,0.001017,0.005604
-0.002815,0.000430,0.005584
-0.003165,0.000169,0.005839
-0.003869,0.000310,0.006024
-0.002100,0.000929,0.004459
-0.002243,0.000634,0.004785
-0.002352,0.000516,0.005087
-0.002361,0.000504,0.005110
-0.002473,0.000334,0.005398
-0.004088,0.003309,0.004299
-0.004326,0.003497,0.004187
-0.004448,0.003848,0.003766
-0.003091,0.002992,0.002800
-0.002871,0.002712,0.002925
-0.003821,0.003907,0.002702
-0.003204,0.003386,0.002374
-0.002848,0.003056,0.002552
-0.004178,0.003961,0.003204
-0.004148,0.004074,0.002878
-0.002636,0.002526,0.003051
-0.002387,0.002372,0.003145
-0.001398,0.001263,0.004300
-0.001848,0.000810,0.004562
-0.001740,0.002419,0.003025
-0.000690,0.002152,0.003407
-0.001282,0.000880,0.004725
-0.005543,0.002395,0.004650
-0.005813,0.003170,0.003939
-0.005144,0.003658,0.003977
-0.004832,0.003730,0.003982
-0.005598,0.003081,0.004184
-0.006032,0.000517,0.005296
-0.005074,0.000458,0.005807
-0.002577,0.000036,0.005590
-0.002797,-0.000484,0.005771
-0.004760,0.000250,0.005947
-0.004558,-0.000161,0.006064
-0.003772,-0.000285,0.006051
-0.001989,0.000527,0.004886
-0.002335,0.000497,0.005096
-0.002302,-0.000019,0.005522
-0.004704,0.003945,0.003667
-0.004500,0.004121,0.003071
-0.002742,0.002931,0.002609
-0.003672,0.003802,0.002144
-0.003995,0.003995,0.002318
-0.003219,0.003605,0.002013
-0.003096,0.003496,0.002073
-0.002386,0.002968,0.002446
-0.002748,0.003971,0.001151
-0.004405,0.004176,0.002778
-0.004509,0.004181,0.002119
-0.002148,0.003784,0.001064
-0.000966,0.003221,0.001859
-0.002426,0.003900,0.001045
0.000246,0.002806,0.002633
0.000098,0.003023,0.002231
-0.000267,0.001931,0.003896
0.001191,0.002436,0.003315
-0.000682,0.001659,0.004133
-0.001190,0.000383,0.005165
-0.001034,0.000846,0.004887
-0.005942,0.002739,0.004144
-0.006395,0.001066,0.004778
-0.005630,0.003665,0.003585
-0.005891,0.003524,0.003379
-0.006197,0.002644,0.003937
-0.005103,0.003753,0.003892
-0.007257,0.000540,0.004354
-0.005462,-0.000071,0.005791
-0.007045,-0.000574,0.005083
-0.006024,-0.000585,0.005697
-0.003151,-0.000980,0.005966
-0.002840,-0.001041,0.005900
-0.002159,-0.000863,0.005734
-0.004791,-0.001262,0.006262
-0.006095,-0.003361,0.006486
-0.005899,-0.001137,0.005998
-0.004200,-0.001354,0.006252
-0.003897,-0.000838,0.006122
-0.004703,-0.000854,0.006185
-0.001759,0.000403,0.005062
-0.002117,0.000312,0.005201
-0.001650,-0.000117,0.005433
-0.004974,0.003977,0.003576
-0.004766,0.004170,0.002978
-0.005154,0.004036,0.003196
-0.005256,0.003946,0.003494
-0.003595,0.003765,0.001864
-0.003929,0.003897,0.002045
-0.004202,0.003915,0.001956
-0.003238,0.003745,0.001667
-0.002221,0.004488,-0.000349
-0.002665,0.004493,0.000136
-0.002892,0.004207,0.000746
-0.003286,0.004040,0.000969
-0.003412,0.003831,0.001283
-0.003512,0.003756,0.001579
-0.004584,0.004235,0.002397
-0.004943,0.004243,0.002596
-0.004460,0.004004,0.001858
-0.004774,0.004239,0.002025
-0.004853,0.004268,0.002306
-0.000992,0.003623,0.001146
-0.001088,0.004211,-0.000251
-0.000931,0.004041,0.000145
0.000772,0.003215,0.002092
0.000574,0.003709,0.000994
0.001256,0.003406,0.001581
0.001185,0.002941,0.002588
0.001304,0.002044,0.003742
0.000027,0.001487,0.004701
0.000656,0.001453,0.004593
-0.000533,0.001450,0.004534
0.002224,0.002616,0.002979
0.002214,0.003096,0.002255
0.002122,0.002406,0.003212
-0.000929,0.000309,0.005261
-0.001360,-0.000180,0.005436
-0.000929,0.000309,0.005261
-0.000776,0.000829,0.005024
-0.006635,0.001580,0.004158
-0.005557,0.003822,0.003424
-0.006104,0.003418,0.003021
-0.005641,0.003930,0.002752
-0.006515,0.002738,0.003028
-0.006923,0.002073,0.003032
-0.007471,0.000598,0.004092
-0.007669,-0.000529,0.004567
-0.007339,-0.001073,0.005090
-0.006535,-0.001654,0.005831
-0.002475,-0.002236,0.006069
-0.003590,-0.001461,0.006175
-0.002798,-0.002169,0.006174
-0.003307,-0.001620,0.006150
-0.003414,-0.002056,0.006279
-0.002032,-0.001759,0.005846
-0.001074,-0.000218,0.005469
-0.004613,-0.001857,0.006359
-0.004860,-0.002945,0.006613
-0.006512,-0.002767,0.006178
-0.005899,-0.005065,0.006953
-0.005230,0.004181,0.002518
-0.003867,0.003784,0.001775
-0.004158,0.003711,0.001698
-0.002232,0.004539,-0.001300
-0.002884,0.004892,-0.000949
-0.002967,0.004900,-0.000664
-0.001259,0.004310,-0.000637
-0.002813,0.004711,-0.000266
-0.002908,0.004660,0.000026
-0.002856,0.004437,0.000400
-0.003013,0.004556,0.000326
-0.003146,0.004317,0.000645
-0.003332,0.004023,0.000958
-0.003447,0.004192,0.000576
-0.003624,0.003724,0.000926
-0.003716,0.003688,0.001216
-0.003794,0.003726,0.001497
-0.004695,0.003781,0.001516
-0.004440,0.003729,0.001646
-0.004716,0.004105,0.001757
-0.005048,0.004248,0.001937
-0.005133,0.004247,0.002223
-0.000656,0.004146,-0.000727
0.000132,0.003945,-0.000440
0.001386,0.003736,0.000306
0.002412,0.003241,0.001664
0.002351,0.003468,0.000974
0.002573,0.003089,0.002057
0.002419,0.001678,0.003852
0.001098,0.001113,0.004956
0.001406,0.001061,0.004906
0.001771,0.001082,0.004704
0.002265,0.001391,0.004222
0.000809,0.001155,0.004937
0.000119,0.000991,0.005142
-0.000129,0.001133,0.005036
0.002687,0.002171,0.003212
0.002696,0.002779,0.002493
-0.000929,0.000309,0.005261
-0.000655,0.000280,0.005338
-0.000674,0.000204,0.005363
-0.000246,0.000786,0.005247
-0.006368,0.003041,0.002701
-0.005854,0.003819,0.002394
-0.006109,0.003528,0.002373
-0.007151,0.001888,0.002686
-0.007624,0.001004,0.003338
-0.007794,0.000969,0.002979
-0.007514,0.001452,0.002659
-0.007975,0.000472,0.003334
-0.007998,-0.000037,0.003741
-0.007755,-0.000008,0.004123
-0.007849,-0.001077,0.004620
-0.008060,-0.000977,0.004221
-0.008169,-0.000590,0.003777
-0.007768,-0.001621,0.004926
-0.007570,-0.002182,0.005239
-0.006817,-0.002202,0.005792
-0.002296,-0.002833,0.006162
-0.003277,-0.002081,0.006252
-0.003363,-0.003191,0.006517
-0.004276,-0.003030,0.006633
-0.001166,-0.001880,0.005909
-0.000768,-0.001368,0.005855
-0.002199,-0.002452,0.006038
-0.000296,-0.000669,0.005655
0.000384,-0.000434,0.005509
-0.004757,-0.002512,0.006499
-0.004651,-0.003361,0.006701
-0.005466,-0.005673,0.007201
-0.006307,-0.004477,0.006608
-0.007515,-0.002932,0.005406
-0.006827,-0.003206,0.005989
-0.006386,-0.006152,0.006997
-0.005866,-0.006187,0.007258
-0.005432,0.004130,0.002153
-0.004088,0.003636,0.001423
-0.004218,0.003701,0.001681
-0.002802,0.004876,-0.001233
-0.002726,0.004830,-0.001512
-0.002105,0.004326,-0.001842
-0.000577,0.004114,-0.001009
-0.003137,0.005005,-0.001051
-0.003228,0.004975,-0.000761
-0.003061,0.004854,-0.000372
-0.003292,0.004919,-0.000577
-0.003167,0.004743,-0.000072
-0.003285,0.004577,0.000237
-0.003332,0.004503,0.000354
-0.003751,0.004011,0.000516
-0.003934,0.003557,0.000862
-0.003762,0.003991,0.000517
-0.004003,0.003575,0.001149
-0.004088,0.003636,0.001423
-0.004936,0.003743,0.001292
-0.004982,0.004157,0.001664
-0.004946,0.003908,0.001412
-0.004599,0.002879,0.001726
-0.004609,0.003174,0.001664
-0.004343,0.003147,0.001753
-0.004776,0.003163,0.001458
-0.005338,0.004175,0.001861
0.000668,0.003547,-0.001443
0.001283,0.003756,-0.000355
0.001092,0.003752,-0.000726
0.002036,0.003547,-0.000389
0.001884,0.003576,-0.000443
0.002150,0.003528,-0.000350
0.002513,0.003324,0.001366
0.002948,0.003271,0.000888
0.002860,0.003360,0.000218
0.003002,0.003006,0.001583
0.002818,0.002936,0.002164
0.002886,0.001782,0.003352
0.002612,0.001302,0.004020
0.002758,0.001563,0.003668
0.001406,0.001059,0.004908
0.001230,0.000556,0.005230
0.001006,0.000861,0.005133
0.001407,0.001058,0.004907
0.001730,0.000988,0.004792
0.002131,0.001077,0.004506
0.002403,0.000829,0.004471
0.000767,0.001050,0.005021
0.000919,0.000615,0.005293
0.003034,0.002631,0.002292
0.003004,0.001948,0.003044
0.000520,0.000236,0.005418
-0.006123,0.003424,0.001765
-0.005633,0.003942,0.001815
-0.006420,0.002887,0.001778
-0.006119,0.003479,0.002087
-0.006625,0.002398,0.001187
-0.006882,0.001642,0.000632
-0.008182,0.000387,0.002662
-0.007930,0.000876,0.002331
-0.008354,-0.000161,0.002717
-0.008180,-0.001663,0.004320
-0.008375,-0.001185,0.003539
-0.008074,-0.002211,0.004626
-0.002149,-0.002861,0.006136
-0.001871,-0.004070,0.006151
-0.003488,-0.003735,0.006647
-0.002927,-0.004295,0.006490
-0.003852,-0.003932,0.006753
-0.000243,-0.002051,0.005754
-0.000744,-0.003126,0.005854
-0.000334,-0.002619,0.005760
0.000157,-0.001537,0.005699
0.000270,-0.000985,0.005612
0.000705,-0.000499,0.005420
0.000320,-0.000993,0.005600
0.000611,-0.001068,0.005434
-0.005304,-0.006256,0.007359
-0.004548,-0.005622,0.007184
-0.004349,-0.004712,0.006995
-0.007040,-0.004464,0.006037
-0.006864,-0.005590,0.006452
-0.006872,-0.006145,0.006606
-0.007716,-0.003351,0.005114
-0.007095,-0.003325,0.005814
-0.006529,-0.007265,0.007203
-0.005203,-0.007100,0.007585
-0.006265,-0.009234,0.007991
-0.005069,-0.009087,0.008106
-0.005069,-0.007811,0.007769
-0.005758,-0.010654,0.008576
-0.004198,0.003081,0.001499
-0.004198,0.003081,0.001499
-0.003057,0.004984,-0.001334
-0.002660,0.004737,-0.001785
-0.002985,0.004917,-0.001611
-0.002866,0.004661,-0.002147
-0.002782,0.004233,-0.002660
-0.002442,0.003776,-0.003032
-0.000506,0.004043,-0.001285
-0.001260,0.003992,-0.001822
-0.002172,0.003667,-0.002981
0.000396,0.003563,-0.001531
-0.003419,0.004971,-0.001133
-0.003486,0.004905,-0.000828
-0.003336,0.004858,-0.000459
-0.003459,0.004662,-0.000147
-0.003483,0.004498,0.000191
-0.003598,0.004393,0.000176
-0.004016,0.004027,0.000373
-0.004202,0.003596,0.000770
-0.004000,0.003564,0.001090
-0.004233,0.003560,0.000857
-0.004058,0.003889,0.000444
-0.004020,0.003551,0.001149
-0.005222,0.003906,0.001326
-0.005208,0.003552,0.001089
-0.004920,0.003150,0.001259
-0.004980,0.003311,0.001208
-0.005267,0.004108,0.001584
-0.004529,0.002805,0.001450
-0.004198,0.003081,0.001499
-0.004807,0.002795,0.001365
-0.005584,0.003899,0.001526
0.001545,0.003367,-0.001444
0.001145,0.002737,-0.002464
0.001688,0.003551,-0.000812
0.001729,0.003492,-0.000980
0.001953,0.003501,-0.000718
0.001953,0.003501,-0.000718
0.002936,0.003314,-0.000061
0.002222,0.003461,-0.000627
0.002822,0.003281,-0.000715
0.003009,0.003258,-0.000340
0.001953,0.003501,-0.000718
0.003104,0.003199,0.000327
0.003253,0.002986,0.000728
0.003177,0.003141,0.000049
0.003299,0.002558,0.001765
0.003386,0.002699,0.001140
0.002901,0.001730,0.003367
0.002853,0.001221,0.003766
0.002770,0.000663,0.004163
0.001541,0.000480,0.005064
0.001164,0.000273,0.005300
0.001852,0.000397,0.004866
0.001573,0.000472,0.005046
0.002639,0.000187,0.004351
0.001103,0.000014,0.005368
0.003212,0.002142,0.002445
0.003345,0.002042,0.002194
0.003261,0.001005,0.002688
0.003314,0.001532,0.002599
0.003104,0.001066,0.003251
-0.006038,0.003311,0.001189
-0.005922,0.003590,0.001482
-0.005596,0.003887,0.001525
-0.006377,0.002726,0.000887
-0.006288,0.002558,0.000011
-0.006893,0.001539,0.000337
-0.006529,0.002137,-0.000293
-0.007881,0.000669,0.001450
-0.008078,0.000537,0.002040
-0.008068,-0.000158,0.000620
-0.008200,0.000337,0.002353
-0.008551,-0.000761,0.002462
-0.008435,-0.000313,0.001776
-0.008547,-0.001274,0.002878
-0.008518,-0.001841,0.003000
-0.008237,-0.002273,0.004127
-0.008359,-0.001943,0.003695
-0.001220,-0.003619,0.005953
-0.002679,-0.004859,0.006368
-0.003142,-0.005561,0.006543
-0.001049,-0.005457,0.005639
-0.001965,-0.004648,0.006110
-0.004402,-0.006408,0.007287
0.000135,-0.001704,0.005684
0.000205,-0.002167,0.005486
0.000064,-0.002717,0.005551
-0.000649,-0.005111,0.005492
0.000164,-0.003346,0.005396
0.000213,-0.001548,0.005677
0.000869,-0.000535,0.005369
0.001074,-0.000186,0.005363
0.000656,-0.001078,0.005410
0.000466,-0.001626,0.005459
-0.007537,-0.004498,0.005399
-0.007281,-0.005037,0.005899
-0.007709,-0.005101,0.005153
-0.007323,-0.006167,0.006082
-0.007311,-0.007273,0.006468
-0.007127,-0.007489,0.006748
-0.007699,-0.004712,0.005078
-0.006768,-0.008034,0.007281
-0.004667,-0.007480,0.007609
-0.006576,-0.010571,0.008330
-0.006842,-0.009454,0.007787
-0.004897,-0.009723,0.008204
-0.005411,-0.010492,0.008509
-0.004540,-0.008072,0.007674
-0.006409,-0.012253,0.008900
-0.005725,-0.011775,0.008882
-0.006126,-0.012274,0.008952
-0.005378,-0.010714,0.008563
-0.004991,-0.011339,0.008674
-0.004198,0.003081,0.001499
-0.003336,0.004961,-0.001417
-0.002920,0.004816,-0.001883
-0.003264,0.004897,-0.001694
-0.003199,0.004800,-0.001967
-0.003097,0.004458,-0.002491
-0.002738,0.004026,-0.002917
-0.003058,0.004229,-0.002746
-0.002713,0.003800,-0.003125
-0.002136,0.003426,-0.003234
-0.002695,0.003388,-0.003402
-0.002708,0.003753,-0.003166
-0.002391,0.003106,-0.003562
0.000124,0.003583,-0.001620
-0.001620,0.003246,-0.003037
-0.003593,0.004811,-0.001468
-0.003853,0.004604,-0.000883
-0.003964,0.004471,-0.000579
-0.003770,0.004488,-0.000209
-0.003778,0.004476,-0.000190
-0.003913,0.004195,0.000117
-0.004279,0.004046,0.000253
-0.004468,0.003646,0.000677
-0.004501,0.003583,0.000757
-0.004386,0.003040,0.001094
-0.004372,0.003046,0.001139
-0.004324,0.003941,0.000351
-0.005571,0.003873,0.001469
-0.005523,0.003782,0.001257
-0.005176,0.003282,0.000840
-0.005441,0.003341,0.000745
-0.004955,0.003114,0.001021
-0.004976,0.003103,0.000938
-0.004400,0.003026,0.001134
-0.004689,0.002961,0.001057
-0.004948,0.003045,0.000959
0.001754,0.003458,-0.001085
0.002745,0.003000,-0.001620
0.002026,0.002692,-0.002409
0.002662,0.002265,-0.002749
0.001835,0.001836,-0.003235
0.001880,0.001215,-0.003722
-0.000220,0.002494,-0.003073
0.000558,0.001414,-0.003863
-0.000695,0.001583,-0.003994
0.003248,0.003073,-0.000228
0.002948,0.003055,-0.001255
0.003138,0.003058,-0.000883
0.003077,0.003175,-0.000614
0.003312,0.002967,-0.000499
0.003321,0.002907,0.000453
0.003454,0.002611,0.000866
0.003364,0.002854,0.000165
0.003473,0.002436,0.001219
0.003430,0.001980,0.001922
0.003022,0.000588,0.003632
0.002924,0.000649,0.003902
0.002605,-0.000399,0.004324
0.002759,-0.000467,0.004073
0.001435,-0.000075,0.005142
0.001146,0.000005,0.005347
0.001691,-0.000153,0.004925
0.002537,-0.000375,0.004393
0.003456,0.001412,0.002043
0.003317,0.000913,0.002411
0.003076,-0.000089,0.003160
-0.005846,0.003544,0.001203
-0.005785,0.003426,0.000933
-0.005880,0.003191,0.000638
-0.005803,0.003130,0.000361
-0.005824,0.002908,-0.000226
-0.006223,0.002448,-0.000571
-0.007389,0.000350,-0.000206
-0.006493,0.001855,-0.000850
-0.008320,-0.000143,0.001475
-0.008249,-0.000540,0.000639
-0.008315,-0.000481,0.000919
-0.007804,-0.000122,0.000070
-0.008597,-0.000862,0.001844
-0.008637,-0.001370,0.002245
-0.008568,-0.000917,0.001551
-0.008556,-0.001868,0.002369
-0.008338,-0.002386,0.003390
-0.008178,-0.002900,0.003942
-0.002539,-0.006309,0.006141
-0.002460,-0.005728,0.006187
-0.002643,-0.006869,0.006195
-0.000477,-0.006216,0.005142
-0.001195,-0.006626,0.005509
-0.004195,-0.007043,0.007265
-0.004563,-0.007083,0.007470
0.000415,-0.002239,0.005254
0.000768,-0.002890,0.005181
0.000495,-0.002262,0.005188
0.000627,-0.003283,0.005215
0.000087,-0.005037,0.005083
0.001045,-0.000583,0.005246
0.000653,-0.001102,0.005275
0.000713,-0.001034,0.005107
0.000644,-0.001131,0.005104
-0.007915,-0.005238,0.004178
-0.007632,-0.005660,0.005363
-0.007895,-0.006371,0.004410
-0.007527,-0.006197,0.005736
-0.007427,-0.007823,0.006564
-0.007745,-0.006793,0.005478
-0.007213,-0.007817,0.006786
-0.007265,-0.008183,0.006843
-0.007322,-0.008471,0.006882
-0.007024,-0.008913,0.007377
-0.007463,-0.011079,0.007983
-0.006967,-0.011092,0.008350
-0.004468,-0.010341,0.008149
-0.003815,-0.009976,0.007471
-0.004768,-0.011390,0.008576
-0.003751,-0.008289,0.007137
-0.003527,-0.008920,0.007063
-0.005977,-0.012858,0.009156
-0.005850,-0.012317,0.009015
-0.007340,-0.012722,0.008740
-0.006810,-0.012763,0.008965
-0.004747,-0.011957,0.008696
-0.004944,-0.012473,0.008927
-0.003515,0.004750,-0.001743
-0.003507,0.004638,-0.002031
-0.003238,0.004619,-0.002256
-0.003400,0.004325,-0.002560
-0.003024,0.003976,-0.002997
-0.003355,0.003936,-0.002919
-0.003007,0.003634,-0.003236
-0.002098,0.003043,-0.003568
-0.001827,0.003019,-0.003474
-0.002700,0.003145,-0.003517
-0.003024,0.003122,-0.003452
-0.002386,0.002702,-0.003793
-0.000531,0.002744,-0.002908
-0.001352,0.003021,-0.003043
-0.001549,0.002754,-0.003541
-0.004041,0.004288,-0.001504
-0.004513,0.003631,-0.001209
-0.004848,0.003340,-0.000943
-0.004506,0.003926,-0.000640
-0.004084,0.004295,-0.000269
-0.004399,0.004101,-0.000329
-0.004480,0.004015,-0.000101
-0.004510,0.003968,-0.000025
-0.004636,0.003763,0.000289
-0.004593,0.003579,0.000651
-0.004643,0.003054,0.000951
-0.004783,0.003449,0.000617
-0.004927,0.003092,0.000914
-0.005083,0.003325,0.000548
-0.005724,0.003302,0.000664
-0.005367,0.003284,0.000467
0.003006,0.002923,-0.001523
0.002802,0.002860,-0.001887
0.003058,0.002763,-0.001787
0.002624,0.002499,-0.002495
0.002424,0.001828,-0.003197
0.002689,0.001807,-0.003084
0.002915,0.002147,-0.002646
0.002164,0.001253,-0.003641
0.002138,0.000702,-0.003851
0.000753,0.001096,-0.004051
0.001866,0.000721,-0.003940
0.001586,0.000699,-0.004023
0.001308,0.000685,-0.004108
-0.000969,0.001615,-0.004069
-0.000700,0.001151,-0.004205
-0.000429,0.000916,-0.004229
0.000157,0.000873,-0.004194
0.000458,0.000778,-0.004242
-0.000969,0.001612,-0.004070
-0.001012,0.001004,-0.004250
0.003401,0.002797,-0.000125
0.003194,0.002909,-0.001149
0.003244,0.002732,-0.001410
0.003362,0.002792,-0.000761
0.003421,0.002744,-0.000420
0.003531,0.002325,0.000635
0.003535,0.002220,0.000033
0.003552,0.001719,0.001074
0.002781,-0.001757,0.003400
0.002465,-0.000962,0.004321
0.002577,-0.001631,0.003935
0.002426,-0.001565,0.004188
0.001155,-0.000615,0.005162
0.003532,0.001195,0.000860
0.003103,-0.000814,0.002376
0.003319,0.000242,0.001921
0.003437,0.000639,0.000941
0.002856,-0.002434,0.002934
-0.005583,0.003161,0.000112
-0.005187,0.003341,-0.000112
-0.005361,0.002994,-0.000723
-0.005605,0.002727,-0.001058
-0.005997,0.002575,-0.000838
-0.007255,0.000285,-0.000464
-0.007739,-0.000799,-0.000399
-0.006037,0.002324,-0.001113
-0.006227,0.001724,-0.001365
-0.007953,-0.000708,-0.000061
-0.008303,-0.001152,0.000432
-0.008400,-0.001091,0.000702
-0.008599,-0.001549,0.001667
-0.008503,-0.002027,0.002105
-0.008384,-0.001657,0.000819
-0.008459,-0.001698,0.001116
-0.008081,-0.003632,0.003182
-0.001626,-0.007115,0.005681
-0.002320,-0.007524,0.006074
0.000391,-0.006174,0.004468
0.000448,-0.007133,0.004052
-0.000479,-0.007466,0.004680
-0.000964,-0.008396,0.004799
-0.001574,-0.008318,0.005529
-0.003245,-0.007863,0.006673
0.000519,-0.001736,0.004873
0.000832,-0.002344,0.005023
0.001041,-0.002963,0.005007
0.001114,-0.002648,0.004929
0.001004,-0.003202,0.005005
0.000606,-0.002000,0.004953
0.000951,-0.003534,0.005005
0.000925,-0.004142,0.004855
0.000786,-0.005982,0.004241
0.001002,-0.005438,0.004201
0.001038,-0.000788,0.005159
0.001112,-0.000847,0.004882
0.000842,-0.000815,0.004791
0.000525,-0.001172,0.004763
-0.007864,-0.004836,0.003177
-0.007891,-0.006425,0.004110
-0.007846,-0.005404,0.003296
-0.007847,-0.006836,0.005143
-0.007925,-0.006986,0.004211
-0.007735,-0.008411,0.006274
-0.007937,-0.008470,0.005753
-0.007854,-0.007400,0.005253
-0.007970,-0.009509,0.006479
-0.007792,-0.010552,0.007356
-0.007469,-0.012166,0.008453
-0.008124,-0.012199,0.007686
-0.004283,-0.011527,0.008221
-0.003429,-0.010096,0.007120
-0.003580,-0.010616,0.007355
-0.003391,-0.008440,0.006859
-0.003387,-0.008960,0.006963
-0.005223,-0.013534,0.009303
-0.005626,-0.013922,0.009437
-0.005949,-0.013977,0.009478
-0.007855,-0.013785,0.008891
-0.007333,-0.013822,0.009146
-0.004599,-0.012558,0.008736
-0.005099,-0.013085,0.009123
-0.004024,0.004234,-0.001800
-0.003868,0.004114,-0.002352
-0.003468,0.003970,-0.002822
-0.003347,0.003736,-0.003050
-0.003364,0.003228,-0.003267
-0.002090,0.002392,-0.003942
-0.001796,0.002349,-0.003937
-0.003423,0.002703,-0.003345
-0.002397,0.002448,-0.003893
-0.001249,0.002019,-0.003925
-0.001522,0.002036,-0.004014
-0.004999,0.002631,-0.001786
-0.005171,0.002672,-0.001536
-0.004746,0.003742,-0.000366
-0.004949,0.003559,0.000222
-0.004738,0.003581,0.000536
-0.004953,0.003552,0.000231
-0.005277,0.003312,0.000178
0.002884,0.002421,-0.002398
0.003092,0.002503,-0.002037
0.003278,0.002476,-0.001661
0.002448,0.001293,-0.003560
0.002699,0.001600,-0.003229
0.002923,0.001764,-0.002880
0.003124,0.001816,-0.002514
0.003120,0.002221,-0.002284
0.002443,0.001167,-0.003614
0.002463,0.000560,-0.003721
0.002129,0.000584,-0.003881
0.002398,0.000619,-0.003753
0.001028,0.000702,-0.004171
0.000738,0.000594,-0.004268
0.001859,0.000610,-0.003973
0.001582,0.000640,-0.004041
0.001249,0.000677,-0.004125
-0.001251,0.001649,-0.004115
-0.000949,0.000993,-0.004251
0.000155,0.000830,-0.004211
0.000087,0.000241,-0.004294
-0.001404,0.000483,-0.004222
0.000398,0.000274,-0.004311
-0.001311,0.001053,-0.004230
0.003363,0.002644,-0.001043
0.003421,0.001967,-0.001515
0.003534,0.002165,0.000355
0.003420,0.000837,-0.001290
0.002375,-0.002178,0.003981
0.002426,-0.003418,0.003619
0.001388,-0.000845,0.004968
0.002037,-0.001451,0.004491
0.001425,-0.001311,0.004760
0.003340,-0.000180,-0.000488
0.003291,-0.000583,0.000515
0.003138,-0.002159,0.001405
0.003102,-0.002721,0.001506
0.002913,-0.003111,0.002462
0.002711,-0.003603,0.002808
-0.005655,0.002181,-0.001590
-0.006496,0.000567,-0.001532
-0.007137,-0.000397,-0.000915
-0.007115,-0.001018,-0.001097
-0.007441,-0.001499,-0.000791
-0.007873,-0.001352,-0.000331
-0.005898,0.002218,-0.001361
-0.006061,0.001656,-0.001612
-0.007997,-0.001852,0.000042
-0.008427,-0.002113,0.001521
-0.007853,-0.004325,0.002767
-0.008377,-0.001709,0.000832
-0.007925,-0.002373,0.000481
-0.002641,-0.009754,0.006418
-0.001916,-0.008813,0.005755
0.001098,-0.006735,0.003552
0.000334,-0.008170,0.003598
-0.000350,-0.008752,0.004125
0.000182,-0.008962,0.003397
-0.000623,-0.009292,0.004147
-0.001058,-0.009297,0.004637
-0.001578,-0.009539,0.005246
-0.003087,-0.008477,0.006649
0.000662,-0.001803,0.004620
0.000716,-0.001876,0.004650
0.000979,-0.001938,0.004745
0.001172,-0.002425,0.004853
0.001389,-0.002491,0.004672
0.001854,-0.003824,0.004146
0.001293,-0.004417,0.004400
0.001486,-0.006260,0.003267
0.001327,-0.005092,0.003921
0.001154,-0.001059,0.004625
0.000903,-0.000937,0.004522
0.000623,-0.001233,0.004493
-0.007431,-0.005654,0.002226
-0.007833,-0.006124,0.003756
-0.007602,-0.006098,0.002886
-0.008143,-0.009174,0.004891
-0.008058,-0.008669,0.004505
-0.008001,-0.008727,0.004222
-0.008165,-0.009579,0.005902
-0.008020,-0.010054,0.006667
-0.008142,-0.013127,0.008178
-0.007859,-0.013250,0.008604
-0.008387,-0.011202,0.006468
-0.008255,-0.012754,0.007743
-0.008283,-0.012877,0.007771
-0.003489,-0.011212,0.007380
-0.004186,-0.012117,0.008279
-0.004457,-0.012096,0.008502
-0.002553,-0.010946,0.006371
-0.003039,-0.011360,0.006926
-0.005015,-0.014047,0.009341
-0.005357,-0.014069,0.009468
-0.004921,-0.014962,0.009553
-0.005140,-0.015791,0.009850
-0.006747,-0.015004,0.009589
-0.006308,-0.015617,0.009815
-0.008095,-0.014878,0.009119
-0.008210,-0.014334,0.008781
-0.007809,-0.014759,0.009232
-0.007467,-0.014426,0.009273
-0.004426,-0.012607,0.008614
-0.004541,-0.013701,0.008946
-0.004222,0.003818,-0.002092
-0.003745,0.003978,-0.002599
-0.004018,0.003510,-0.002590
-0.004179,0.003610,-0.002349
-0.003737,0.003407,-0.002930
-0.002462,0.001858,-0.003987
-0.001819,0.001932,-0.004086
-0.002754,0.002239,-0.003816
-0.003149,0.002028,-0.003616
-0.004888,0.001950,-0.002240
-0.001539,0.001689,-0.004139
0.003296,0.002145,-0.001902
0.002698,0.001154,-0.003463
0.002927,0.001355,-0.003109
0.002710,0.001155,-0.003450
0.003103,0.001283,-0.002727
0.003236,0.000991,-0.002315
0.002648,0.000551,-0.003615
0.002281,0.000010,-0.003683
0.002532,-0.000000,-0.003520
0.002029,0.000021,-0.003844
0.001019,0.000618,-0.004185
0.000677,0.000149,-0.004300
0.001769,0.000039,-0.003972
-0.001608,0.001174,-0.004182
-0.001514,-0.000072,-0.004148
0.000285,-0.000370,-0.004272
-0.001921,0.001161,-0.004149
0.003041,-0.000980,-0.001984
0.003016,-0.000465,-0.002406
0.003168,-0.000832,-0.001024
0.003058,0.000096,-0.002505
0.001557,-0.001941,0.004615
0.002095,-0.004570,0.003433
0.001361,-0.001404,0.004759
0.001340,-0.001303,0.004732
0.003161,-0.002372,0.000205
0.003115,-0.002828,0.000907
0.002983,-0.003321,0.001320
0.002851,-0.003510,0.000647
0.002650,-0.004204,0.001972
0.002376,-0.004860,0.002017
0.002152,-0.005352,0.002357
-0.005489,0.002037,-0.001821
-0.005848,0.001582,-0.001843
-0.005867,0.001950,-0.001610
-0.006108,0.001043,-0.001817
-0.005709,0.000333,-0.002175
-0.005840,-0.000581,-0.002034
-0.006887,-0.001657,-0.001211
-0.006578,-0.001739,-0.001410
-0.007308,-0.002076,-0.000634
-0.007161,-0.003153,0.000030
-0.007482,-0.003033,0.000439
-0.007188,-0.002453,-0.000522
-0.007559,-0.003571,0.001147
-0.007576,-0.004509,0.001953
0.001195,-0.007468,0.002792
0.000381,-0.009206,0.002883
-0.000144,-0.009184,0.003651
-0.000258,-0.009432,0.003664
0.000030,-0.009565,0.003157
-0.000123,-0.009498,0.003408
-0.000123,-0.009498,0.003408
-0.000968,-0.009771,0.004447
-0.000838,-0.010454,0.003999
-0.001321,-0.010868,0.004555
-0.002164,-0.011089,0.005896
-0.001814,-0.010863,0.005336
0.000888,-0.001295,0.004380
0.000750,-0.001826,0.004561
0.001019,-0.001850,0.004659
0.001296,-0.001881,0.004724
0.001595,-0.005035,0.003682
0.001786,-0.005106,0.003443
0.001797,-0.005398,0.003192
0.001689,-0.006437,0.002428
0.001897,-0.005892,0.002385
0.001353,-0.007096,0.002767
0.001139,-0.001305,0.004543
-0.007248,-0.005722,0.002000
-0.007338,-0.005150,0.001843
-0.007372,-0.005940,0.002302
-0.007439,-0.006731,0.002751
-0.007563,-0.007231,0.003124
-0.007825,-0.007901,0.003800
-0.008058,-0.011654,0.004163
-0.008284,-0.010909,0.004881
-0.008289,-0.010239,0.005370
-0.007699,-0.010045,0.003642
-0.008368,-0.010797,0.005457
-0.008370,-0.010744,0.005758
-0.008748,-0.014401,0.007930
-0.008528,-0.011859,0.005931
-0.008577,-0.013332,0.007501
-0.008731,-0.013377,0.007106
-0.002918,-0.012555,0.006890
-0.003226,-0.012450,0.007216
-0.003973,-0.012755,0.008160
-0.003780,-0.012745,0.007907
-0.002729,-0.012367,0.006599
-0.004887,-0.015285,0.009628
-0.004403,-0.014305,0.008959
-0.004858,-0.016037,0.009786
-0.005339,-0.016319,0.010005
-0.006991,-0.016096,0.009826
-0.005694,-0.016823,0.010151
-0.006263,-0.016748,0.010078
-0.008416,-0.015970,0.009284
-0.007961,-0.015439,0.009384
-0.009313,-0.016096,0.007778
-0.009377,-0.017641,0.008917
-0.009169,-0.017616,0.009246
-0.004216,-0.014083,0.008662
-0.001834,0.001735,-0.004136
-0.002194,0.001218,-0.004062
-0.002966,0.001397,-0.003714
-0.005492,0.001481,-0.002108
-0.004479,0.001240,-0.002599
-0.004808,0.001403,-0.002419
0.002899,0.000791,-0.003318
0.002882,0.000555,-0.003384
0.003077,0.000606,-0.002913
0.002769,0.000001,-0.003302
0.002599,-0.000531,-0.003148
0.001659,-0.000517,-0.003899
0.001273,-0.001041,-0.003894
-0.003057,0.000857,-0.003534
-0.001416,-0.000659,-0.004068
-0.001137,-0.001279,-0.004030
0.000073,-0.001486,-0.004152
-0.002296,-0.000467,-0.003753
0.000890,-0.001570,-0.003902
0.002797,-0.001564,-0.002195
0.003093,-0.001499,-0.001551
0.003000,-0.001536,-0.001850
0.002982,-0.001541,-0.001890
0.002906,-0.000507,-0.002745
0.002783,-0.000756,-0.002734
0.003097,-0.002472,-0.000419
0.003078,-0.002010,-0.001142
0.002992,0.000050,-0.002829
0.003007,-0.002975,-0.000035
0.002601,-0.003962,0.000659
0.002217,-0.004883,0.001035
0.002581,-0.004367,0.001670
0.002482,-0.004055,0.000016
0.002135,-0.005403,0.002050
0.002299,-0.005006,0.001710
0.002002,-0.005645,0.002369
0.002135,-0.005403,0.002050
-0.005576,0.000741,-0.002215
-0.005671,-0.001402,-0.002026
-0.005168,-0.001520,-0.002261
-0.006774,-0.002234,-0.001060
-0.007049,-0.002180,-0.000845
-0.006906,-0.004345,0.000568
-0.005710,-0.003559,-0.001011
-0.006008,-0.004310,-0.000407
-0.006101,-0.006269,0.000892
-0.006726,-0.002372,-0.001018
-0.006868,-0.005113,0.001046
-0.007118,-0.005516,0.001672
0.001425,-0.006978,0.002453
0.001042,-0.008072,0.002551
0.000789,-0.008612,0.002580
0.000504,-0.009170,0.002487
0.000155,-0.009683,0.002595
-0.000028,-0.009878,0.002889
-0.000123,-0.009498,0.003408
-0.000879,-0.011121,0.003494
-0.000093,-0.009783,0.003161
-0.001139,-0.011608,0.003822
-0.001576,-0.011356,0.004885
-0.001213,-0.011781,0.003834
-0.001333,-0.012156,0.003871
-0.001955,-0.012398,0.005286
0.001894,-0.005944,0.002082
0.002135,-0.005403,0.002050
-0.007281,-0.006788,0.002561
-0.007150,-0.006299,0.002131
-0.006980,-0.006212,0.001854
-0.007405,-0.007066,0.002828
-0.007464,-0.009556,0.003306
-0.008245,-0.012149,0.004515
-0.007365,-0.010749,0.003263
-0.007493,-0.012432,0.003558
-0.008505,-0.011967,0.005335
-0.007115,-0.010259,0.002931
-0.009111,-0.015037,0.007318
-0.009005,-0.014586,0.007261
-0.008616,-0.013138,0.005221
-0.008743,-0.013157,0.006122
-0.008862,-0.013930,0.007176
-0.008960,-0.014026,0.006540
-0.002609,-0.013873,0.006312
-0.003393,-0.013040,0.007462
-0.003533,-0.013490,0.007693
-0.003628,-0.014025,0.007898
-0.003558,-0.012902,0.007695
-0.002518,-0.013317,0.006230
-0.004424,-0.015987,0.009362
-0.005093,-0.016924,0.010104
-0.004837,-0.016985,0.009982
-0.004367,-0.016569,0.009422
-0.006432,-0.017292,0.010169
-0.008692,-0.018711,0.010100
-0.008027,-0.018219,0.010155
-0.008209,-0.016525,0.009640
-0.005258,-0.018022,0.010369
-0.004894,-0.017536,0.010122
-0.008343,-0.015966,0.009374
-0.009586,-0.017253,0.007611
-0.009507,-0.017668,0.008655
-0.009638,-0.018718,0.009223
-0.009516,-0.018179,0.009067
-0.008828,-0.018149,0.009843
-0.009198,-0.018688,0.009786
-0.009786,-0.020337,0.009874
0.002950,0.000566,-0.003257
0.002963,0.000039,-0.002915
0.002844,0.000010,-0.003179
0.002654,-0.000446,-0.003149
0.002631,-0.000532,-0.003121
0.002314,-0.001560,-0.002598
0.001859,-0.000705,-0.003658
0.001099,-0.001752,-0.003687
-0.002749,-0.000938,-0.003495
-0.001477,-0.001783,-0.003864
-0.000638,-0.001941,-0.004031
0.000227,-0.002062,-0.003962
0.000608,-0.002628,-0.003515
0.000452,-0.002233,-0.003795
0.002410,-0.002089,-0.002189
0.002658,-0.002095,-0.002009
0.002878,-0.002080,-0.001728
0.002995,-0.002055,-0.001471
0.002854,-0.000518,-0.002847
0.002919,-0.002565,-0.001111
0.002484,-0.003596,-0.000700
0.002224,-0.004576,0.000160
0.001055,-0.007153,0.001123
0.002115,-0.005452,0.001741
0.001755,-0.005117,-0.000000
0.001492,-0.006108,0.000794
0.002217,-0.004120,-0.000591
0.002044,-0.004624,-0.000275
-0.002644,-0.002117,-0.003461
-0.002840,-0.002783,-0.003155
-0.003292,-0.003073,-0.002806
-0.005328,-0.003554,-0.001281
-0.006381,-0.006017,0.001066
-0.004933,-0.005342,-0.000489
-0.005479,-0.006771,0.000562
-0.006250,-0.006595,0.001222
-0.006025,-0.006670,0.000996
-0.006250,-0.006595,0.001222
-0.006515,-0.006518,0.001436
0.001185,-0.007596,0.002050
0.001041,-0.008124,0.002249
0.000797,-0.008666,0.002281
0.000494,-0.009202,0.002292
0.000081,-0.009727,0.002268
-0.000694,-0.010876,0.002567
-0.000250,-0.010104,0.003176
-0.000528,-0.010694,0.002895
-0.000857,-0.011176,0.003200
-0.001105,-0.011665,0.003532
-0.001105,-0.011665,0.003532
-0.001753,-0.013140,0.004560
-0.001310,-0.012210,0.003576
-0.001105,-0.011665,0.003532
-0.001536,-0.012702,0.003916
-0.002442,-0.013590,0.005996
-0.002172,-0.014125,0.005250
-0.002585,-0.015729,0.005752
-0.007117,-0.006476,0.002176
-0.006682,-0.007014,0.001795
-0.007253,-0.007367,0.002624
-0.007046,-0.007506,0.002404
-0.006213,-0.007721,0.001510
-0.008430,-0.012644,0.004868
-0.007969,-0.012847,0.004116
-0.007305,-0.011341,0.003264
-0.007166,-0.010810,0.003077
-0.006742,-0.012372,0.002844
-0.006171,-0.010356,0.001997
-0.007191,-0.011382,0.003131
-0.007067,-0.013144,0.003208
-0.007479,-0.013586,0.003666
-0.007702,-0.014673,0.003939
-0.006383,-0.009612,0.002094
-0.009444,-0.016858,0.006640
-0.009057,-0.014529,0.006921
-0.008296,-0.013893,0.004534
-0.008830,-0.013578,0.005866
-0.008724,-0.013693,0.005297
-0.002914,-0.014921,0.006737
-0.002639,-0.014474,0.006189
-0.003353,-0.015286,0.007610
-0.003534,-0.015139,0.007836
-0.004177,-0.016075,0.009071
-0.004612,-0.017999,0.009942
-0.004504,-0.017660,0.009757
-0.004048,-0.017271,0.009037
-0.007144,-0.019448,0.010588
-0.006054,-0.018464,0.010487
-0.009197,-0.019783,0.010214
-0.009055,-0.020349,0.010450
-0.005294,-0.019145,0.010611
-0.009961,-0.019017,0.007220
-0.009818,-0.018768,0.008777
-0.009688,-0.018728,0.009122
-0.009952,-0.019833,0.009260
-0.010072,-0.020900,0.009747
-0.009320,-0.020328,0.010339
0.002072,-0.001560,-0.002802
0.001169,-0.002360,-0.003232
-0.001383,-0.002368,-0.003782
-0.000076,-0.002111,-0.003984
-0.000192,-0.002560,-0.003832
0.000170,-0.002262,-0.003877
0.000628,-0.003267,-0.002909
0.000209,-0.003026,-0.003400
0.002498,-0.002610,-0.001747
0.001688,-0.003112,-0.001983
0.002025,-0.003285,-0.001530
0.002759,-0.002597,-0.001437
0.001283,-0.006132,0.000469
0.000861,-0.007541,0.001140
0.001031,-0.007666,0.001515
0.002006,-0.004628,-0.000332
0.001387,-0.005122,-0.000360
0.000963,-0.005533,-0.000166
0.001600,-0.004568,-0.000783
-0.002158,-0.002770,-0.003415
-0.002825,-0.003704,-0.002654
-0.002068,-0.003484,-0.003085
-0.002455,-0.003620,-0.002867
-0.004440,-0.004104,-0.001518
-0.003372,-0.004103,-0.002067
-0.004036,-0.004845,-0.001244
-0.002976,-0.003998,-0.002330
-0.004423,-0.004924,-0.000996
-0.004934,-0.006419,0.000038
-0.004610,-0.005416,-0.000628
-0.004461,-0.005988,-0.000421
-0.005142,-0.006913,0.000383
-0.006430,-0.007091,0.001577
-0.006250,-0.006595,0.001222
-0.006432,-0.007079,0.001574
-0.005406,-0.007400,0.000710
0.000767,-0.008548,0.001935
0.000678,-0.008707,0.001939
0.000348,-0.009237,0.001964
0.000361,-0.009198,0.001938
-0.000536,-0.010513,0.002231
-0.000351,-0.010004,0.001876
-0.001213,-0.011142,0.002145
-0.001048,-0.011262,0.002532
-0.000967,-0.011401,0.003210
-0.001099,-0.011718,0.003232
-0.001928,-0.013795,0.004011
-0.002258,-0.014788,0.004730
-0.002086,-0.014283,0.004426
-0.001391,-0.012256,0.003248
-0.001591,-0.012722,0.003590
-0.001753,-0.013266,0.003845
-0.002403,-0.015340,0.004795
-0.002824,-0.016994,0.004992
-0.002539,-0.015846,0.005120
-0.002748,-0.016226,0.006112
-0.002987,-0.017952,0.006070
-0.005118,-0.008028,0.000710
-0.005907,-0.008942,0.001485
-0.005454,-0.011765,0.001877
-0.006078,-0.012854,0.002386
-0.005928,-0.009498,0.001637
-0.005371,-0.010209,0.001409
-0.005545,-0.010725,0.001641
-0.007223,-0.014245,0.003467
-0.007476,-0.015325,0.003747
-0.006627,-0.014996,0.003091
-0.008470,-0.015007,0.004702
-0.007625,-0.015864,0.003888
-0.009454,-0.017520,0.006192
-0.009167,-0.016142,0.005959
-0.009698,-0.018635,0.006289
-0.008818,-0.016051,0.005113
-0.003060,-0.016039,0.006915
-0.003328,-0.016342,0.007515
-0.003879,-0.016016,0.008528
-0.004148,-0.018957,0.009342
-0.004881,-0.019242,0.010418
-0.003739,-0.019207,0.008270
-0.003811,-0.017486,0.008530
-0.006817,-0.020616,0.010895
-0.006005,-0.019598,0.010735
-0.007774,-0.021064,0.010833
-0.009675,-0.021972,0.010659
-0.009520,-0.022548,0.010845
-0.005667,-0.020775,0.010998
-0.005279,-0.020282,0.010813
-0.005100,-0.019754,0.010647
-0.010467,-0.021020,0.008710
-0.010082,-0.019571,0.007293
-0.009909,-0.019075,0.006936
-0.010030,-0.019629,0.007008
-0.010785,-0.022120,0.008830
-0.010421,-0.021497,0.009362
-0.009927,-0.021959,0.010501
-0.010323,-0.021850,0.009858
-0.010105,-0.021974,0.010263
0.001089,-0.003300,-0.002445
-0.000929,-0.002994,-0.003613
-0.000799,-0.002545,-0.003812
-0.000078,-0.003080,-0.003479
-0.000590,-0.002882,-0.003679
0.000171,-0.003750,-0.002643
-0.000020,-0.003599,-0.002933
0.000777,-0.003480,-0.002507
0.000467,-0.003613,-0.002578
0.001191,-0.003612,-0.001940
0.000890,-0.006651,0.000501
0.000472,-0.006191,0.000124
0.000579,-0.008533,0.001561
0.000498,-0.007981,0.001113
0.001045,-0.004587,-0.000953
0.000618,-0.004918,-0.000708
0.000225,-0.006049,0.000013
-0.001036,-0.003315,-0.003421
-0.002730,-0.004147,-0.002223
-0.002217,-0.003810,-0.002755
-0.003808,-0.005090,-0.001124
-0.002748,-0.004775,-0.001479
-0.003982,-0.006633,-0.000347
-0.003977,-0.007731,0.000069
-0.004638,-0.008144,0.000474
0.000133,-0.009256,0.001663
0.000214,-0.008980,0.001536
-0.001011,-0.010549,0.001778
-0.000448,-0.009536,0.001439
-0.001417,-0.011735,0.002512
-0.001601,-0.010743,0.001631
-0.001247,-0.011846,0.002899
-0.002228,-0.014363,0.003845
-0.001750,-0.012787,0.003241
-0.002123,-0.014342,0.004059
-0.002083,-0.014292,0.004374
-0.002263,-0.014840,0.004427
-0.002444,-0.015388,0.004479
-0.001754,-0.012049,0.002468
-0.002702,-0.016069,0.004534
-0.002805,-0.016471,0.004664
-0.003139,-0.017036,0.004475
-0.003031,-0.018024,0.005617
-0.003103,-0.017218,0.006824
-0.003137,-0.018451,0.006434
-0.003245,-0.018904,0.005866
-0.004892,-0.009197,0.000917
-0.004839,-0.009524,0.000999
-0.005045,-0.010826,0.001506
-0.005161,-0.011924,0.001820
-0.005849,-0.013328,0.002377
-0.004791,-0.009773,0.001064
-0.007724,-0.016414,0.004000
-0.006727,-0.016673,0.003393
-0.009023,-0.017162,0.005271
-0.009471,-0.018145,0.005951
-0.010008,-0.019684,0.006714
-0.009885,-0.019103,0.006799
-0.009879,-0.020572,0.005994
-0.008854,-0.017815,0.005028
-0.003393,-0.017032,0.007633
-0.004492,-0.019949,0.010056
-0.004923,-0.020369,0.010630
-0.003576,-0.019946,0.007531
-0.003748,-0.020390,0.008191
-0.003855,-0.020892,0.008570
-0.004530,-0.020786,0.010211
-0.006243,-0.020694,0.010950
-0.007169,-0.022263,0.011203
-0.006149,-0.020285,0.010854
-0.009789,-0.022523,0.010747
-0.008773,-0.024312,0.011451
-0.009616,-0.022989,0.010931
-0.009907,-0.023071,0.010856
-0.009907,-0.023071,0.010856
-0.005843,-0.023014,0.011416
-0.006018,-0.022422,0.011305
-0.006107,-0.020715,0.010953
-0.005028,-0.020907,0.010808
-0.005163,-0.021441,0.010978
-0.010197,-0.020125,0.007367
-0.011146,-0.023374,0.008030
-0.010030,-0.019629,0.007008
-0.010030,-0.019629,0.007008
-0.011089,-0.023681,0.009670
-0.011649,-0.025103,0.008529
-0.011443,-0.024318,0.009062
-0.011024,-0.023990,0.010065
-0.010675,-0.023616,0.010412
-0.010401,-0.023059,0.010494
0.000508,-0.003978,-0.001867
0.000650,-0.004225,-0.001461
-0.000543,-0.003563,-0.003186
-0.000120,-0.003823,-0.002719
0.000338,-0.003869,-0.002254
-0.000237,-0.003987,-0.002411
-0.000401,-0.003856,-0.002801
0.000328,-0.007678,0.000828
0.000092,-0.006585,0.000175
0.000221,-0.006066,0.000020
0.000433,-0.008213,0.001208
0.000178,-0.008200,0.001057
0.000178,-0.008200,0.001057
-0.000055,-0.004469,-0.001246
-0.000325,-0.005988,-0.000131
-0.001563,-0.005323,-0.000686
-0.001409,-0.004975,-0.001020
0.000176,-0.006044,0.000002
-0.001199,-0.003706,-0.003081
-0.001954,-0.004407,-0.001928
-0.001156,-0.003970,-0.002703
-0.001451,-0.004122,-0.002453
-0.003361,-0.005611,-0.000880
-0.002647,-0.005204,-0.001034
-0.001621,-0.004811,-0.001233
-0.002962,-0.006235,-0.000523
-0.003529,-0.007257,-0.000173
-0.003396,-0.007815,0.000098
-0.004169,-0.008242,0.000329
-0.000219,-0.008715,0.001103
-0.001448,-0.010231,0.001388
-0.000618,-0.009229,0.001159
-0.002404,-0.011580,0.001859
-0.002281,-0.010137,0.001196
-0.002303,-0.013852,0.003353
-0.002370,-0.014827,0.004078
-0.002974,-0.015442,0.003699
-0.002813,-0.014920,0.003487
-0.002774,-0.013857,0.002908
-0.002524,-0.015409,0.004286
-0.002884,-0.013318,0.002548
-0.002861,-0.012242,0.002028
-0.002855,-0.016479,0.004568
-0.003095,-0.015978,0.003875
-0.003352,-0.017562,0.004628
-0.003882,-0.017564,0.004150
-0.003473,-0.016510,0.003848
-0.003231,-0.018086,0.005082
-0.003443,-0.018631,0.005124
-0.003457,-0.019161,0.005430
-0.003366,-0.019559,0.006583
-0.003296,-0.019105,0.005890
-0.004391,-0.009299,0.000782
-0.004581,-0.009818,0.000991
-0.004284,-0.009866,0.000979
-0.004432,-0.010388,0.001203
-0.004080,-0.011261,0.001582
-0.004714,-0.012542,0.002019
-0.005562,-0.013529,0.002318
-0.005681,-0.015173,0.002857
-0.006240,-0.016201,0.003176
-0.007501,-0.017059,0.003853
-0.008463,-0.017940,0.004660
-0.005926,-0.017356,0.003535
-0.006332,-0.017866,0.003614
-0.007271,-0.018264,0.003852
-0.005926,-0.016802,0.003358
-0.007175,-0.018856,0.003897
-0.008952,-0.018971,0.005028
-0.009310,-0.019449,0.005324
-0.010159,-0.020182,0.007078
-0.010340,-0.021401,0.006639
-0.009834,-0.021659,0.005600
-0.008621,-0.018732,0.004772
-0.003539,-0.020067,0.007255
-0.003748,-0.021731,0.007209
-0.003992,-0.021391,0.008939
-0.003880,-0.022284,0.007278
-0.003972,-0.022065,0.008455
-0.004733,-0.021379,0.010578
-0.004305,-0.021769,0.009853
-0.007815,-0.023865,0.011509
-0.007070,-0.024532,0.011691
-0.009641,-0.023095,0.010961
-0.010034,-0.023614,0.010992
-0.009462,-0.024785,0.011489
-0.008614,-0.024891,0.011624
-0.008800,-0.024438,0.011475
-0.010285,-0.023603,0.010829
-0.009907,-0.023071,0.010856
-0.010211,-0.023608,0.010868
-0.005420,-0.022522,0.011266
-0.005962,-0.023562,0.011524
-0.004981,-0.022060,0.010948
-0.005344,-0.022209,0.011177
-0.010166,-0.020163,0.007180
-0.010493,-0.022570,0.006512
-0.010955,-0.023550,0.007188
-0.011267,-0.024249,0.009728
-0.011391,-0.024270,0.009381
-0.011457,-0.024776,0.009773
-0.012120,-0.026499,0.009370
-0.012157,-0.027339,0.007878
-0.011198,-0.024709,0.007030
-0.010848,-0.025026,0.010951
-0.010474,-0.024147,0.010893
-0.011398,-0.024763,0.009897
-0.011658,-0.025842,0.010196
-0.011093,-0.025784,0.011025
-0.000170,-0.004188,-0.001726
-0.000286,-0.004028,-0.002268
-0.000679,-0.003866,-0.002886
-0.000521,-0.004030,-0.002492
-0.000521,-0.004030,-0.002492
0.000178,-0.008200,0.001057
-0.000072,-0.008190,0.000888
-0.001879,-0.008529,0.000701
-0.000147,-0.008447,0.001005
-0.000456,-0.004239,-0.001805
-0.002302,-0.006801,0.000001
-0.001733,-0.006908,0.000060
-0.001835,-0.005283,-0.000765
-0.001069,-0.004008,-0.002668
-0.000782,-0.004013,-0.002619
-0.000633,-0.004171,-0.002187
-0.000800,-0.004048,-0.002576
-0.002576,-0.006788,-0.000087
-0.003690,-0.008866,0.000529
-0.002969,-0.009302,0.000915
-0.002167,-0.008465,0.000688
-0.002572,-0.010079,0.001195
-0.003447,-0.015436,0.003317
-0.003434,-0.014353,0.002835
-0.005226,-0.013393,0.002273
-0.003782,-0.018640,0.004770
-0.004131,-0.018100,0.004203
-0.003710,-0.016440,0.003667
-0.004251,-0.016460,0.003446
-0.003685,-0.019199,0.005162
-0.003591,-0.019683,0.005600
-0.003810,-0.019714,0.005306
-0.003569,-0.020211,0.006025
-0.003439,-0.019658,0.005955
-0.003568,-0.020670,0.006741
-0.004074,-0.009895,0.001000
-0.003985,-0.015386,0.003125
-0.004906,-0.015518,0.003109
-0.008136,-0.019207,0.004394
-0.005007,-0.018372,0.003959
-0.004519,-0.016350,0.003396
-0.006027,-0.019013,0.004008
-0.007879,-0.019848,0.004289
-0.007002,-0.019448,0.004012
-0.008686,-0.019049,0.004817
-0.008695,-0.019103,0.004823
-0.009126,-0.020702,0.005007
-0.009876,-0.022839,0.005509
-0.008563,-0.019678,0.004666
-0.003762,-0.021782,0.006902
-0.004040,-0.022624,0.008545
-0.004216,-0.021873,0.009589
-0.004011,-0.022890,0.007045
-0.004288,-0.022335,0.009971
-0.008336,-0.024924,0.011683
-0.005715,-0.025309,0.011790
-0.005446,-0.024112,0.011524
-0.007608,-0.025576,0.011934
-0.010275,-0.024705,0.011225
-0.008897,-0.024855,0.011579
-0.009854,-0.025303,0.011520
-0.008747,-0.025427,0.011787
-0.008614,-0.024891,0.011624
-0.008430,-0.025354,0.011773
-0.008614,-0.024891,0.011624
-0.005383,-0.023099,0.011342
-0.004430,-0.022835,0.010338
-0.004855,-0.023236,0.011017
-0.005057,-0.023969,0.011305
-0.010404,-0.023838,0.006021
-0.011133,-0.025373,0.006643
-0.011867,-0.027525,0.007069
-0.012116,-0.026953,0.010129
-0.013035,-0.029412,0.008641
-0.012467,-0.027559,0.009699
-0.012434,-0.028496,0.007709
-0.013458,-0.031171,0.008234
-0.010656,-0.025235,0.011209
-0.011933,-0.026908,0.010554
-0.011124,-0.027432,0.011613
-0.000521,-0.004030,-0.002492
-0.004294,-0.019708,0.004908
-0.004648,-0.019165,0.004359
-0.003593,-0.019695,0.005604
-0.004311,-0.020789,0.005404
-0.004160,-0.021160,0.005716
-0.003762,-0.021298,0.006331
-0.003846,-0.021313,0.006157
-0.009131,-0.021885,0.004928
-0.008722,-0.021403,0.004702
-0.008391,-0.021477,0.004564
-0.005963,-0.021254,0.004629
-0.005052,-0.020768,0.004868
-0.007653,-0.021047,0.004336
-0.009305,-0.022999,0.005096
-0.010129,-0.023945,0.005651
-0.003832,-0.021828,0.006577
-0.004015,-0.022379,0.006609
-0.004031,-0.022965,0.007366
-0.004227,-0.023736,0.008707
-0.004150,-0.022929,0.006697
-0.004269,-0.023462,0.006888
-0.004368,-0.023459,0.010170
-0.005144,-0.024291,0.011425
-0.005155,-0.025434,0.011566
-0.005612,-0.025903,0.011829
-0.006445,-0.026901,0.012079
-0.007968,-0.027217,0.012270
-0.008274,-0.025956,0.011943
-0.007078,-0.027360,0.012243
-0.010511,-0.025802,0.011432
-0.008433,-0.026583,0.012143
-0.009545,-0.026456,0.011895
-0.004504,-0.023958,0.010539
-0.004678,-0.025021,0.011009
-0.005066,-0.024312,0.011371
-0.010783,-0.025526,0.006073
-0.011245,-0.026560,0.006447
-0.012420,-0.029168,0.007223
-0.011706,-0.029652,0.006294
-0.012676,-0.028565,0.010459
-0.013078,-0.029302,0.009230
-0.013516,-0.030391,0.009310
-0.013017,-0.029186,0.009946
-0.012634,-0.030949,0.006886
-0.013683,-0.030939,0.009367
-0.014056,-0.032508,0.008626
-0.012791,-0.031502,0.006931
-0.013166,-0.031976,0.007237
-0.014324,-0.033350,0.008397
-0.013150,-0.033265,0.006561
-0.011498,-0.027966,0.011574
-0.012465,-0.028532,0.010831
-0.010898,-0.027623,0.011765
-0.004961,-0.021312,0.005183
-0.004936,-0.022289,0.005698
-0.004349,-0.022396,0.006216
-0.003885,-0.021840,0.006459
-0.008828,-0.021959,0.004765
-0.008944,-0.022510,0.004862
-0.008855,-0.022530,0.004831
-0.008191,-0.022092,0.004577
-0.005699,-0.022371,0.005176
-0.007486,-0.021632,0.004477
-0.008222,-0.023804,0.004785
-0.008846,-0.023686,0.004917
-0.009123,-0.024200,0.005080
-0.009378,-0.025306,0.005220
-0.009616,-0.025832,0.005352
-0.009971,-0.026327,0.005550
-0.010659,-0.026155,0.005925
-0.004348,-0.022946,0.006416
-0.004377,-0.024445,0.007865
-0.004428,-0.024900,0.008564
-0.004470,-0.025198,0.010172
-0.004723,-0.023482,0.006375
-0.004550,-0.024020,0.006789
-0.004527,-0.024502,0.007204
-0.005041,-0.025469,0.011469
-0.005302,-0.026546,0.011771
-0.005855,-0.027578,0.012070
-0.006777,-0.027410,0.012218
-0.008143,-0.026627,0.012156
-0.008389,-0.027715,0.012406
-0.007738,-0.028951,0.012601
-0.007296,-0.028396,0.012423
-0.007309,-0.028461,0.012436
-0.009514,-0.027577,0.012205
-0.009270,-0.027762,0.012303
-0.004676,-0.026107,0.010913
-0.005002,-0.026633,0.011541
-0.010866,-0.026685,0.006062
-0.010730,-0.027945,0.005947
-0.011251,-0.028360,0.006179
-0.012078,-0.029923,0.006544
-0.012222,-0.030481,0.006576
-0.010694,-0.029701,0.005684
-0.011251,-0.030162,0.005914
-0.012864,-0.029115,0.010485
-0.013178,-0.029696,0.010215
-0.013601,-0.030790,0.010300
-0.012226,-0.031710,0.006229
-0.014203,-0.032396,0.009182
-0.013853,-0.031383,0.010027
-0.013945,-0.031631,0.009735
-0.015250,-0.034852,0.009031
-0.012807,-0.032115,0.006752
-0.014453,-0.033972,0.008168
-0.013950,-0.034267,0.006823
-0.012680,-0.032798,0.006303
-0.013992,-0.034933,0.006318
-0.012357,-0.029591,0.011567
-0.012000,-0.029603,0.011815
-0.009919,-0.028086,0.012282
-0.005411,-0.023288,0.005749
-0.004617,-0.023033,0.006259
-0.008638,-0.024305,0.004903
-0.006581,-0.023973,0.005262
-0.008110,-0.026086,0.005223
-0.008758,-0.026592,0.005104
-0.009166,-0.025944,0.005101
-0.009567,-0.027037,0.005194
-0.004614,-0.025552,0.008011
-0.004641,-0.026440,0.009602
-0.004647,-0.026470,0.009433
-0.004755,-0.026617,0.008492
-0.004643,-0.026982,0.009849
-0.004711,-0.027028,0.009524
-0.004742,-0.024561,0.006877
-0.005026,-0.023698,0.006263
-0.005071,-0.026745,0.007481
-0.005176,-0.027744,0.011723
-0.005551,-0.028222,0.011997
-0.009334,-0.029267,0.012732
-0.009341,-0.032095,0.013280
-0.008920,-0.031599,0.013140
-0.008275,-0.029998,0.012837
-0.007422,-0.029581,0.012620
-0.007359,-0.029021,0.012527
-0.006501,-0.029179,0.012378
-0.006809,-0.029124,0.012428
-0.004810,-0.027886,0.011226
-0.004640,-0.026825,0.010756
-0.010276,-0.027422,0.005713
-0.010269,-0.029231,0.005411
-0.009909,-0.029911,0.005181
-0.010312,-0.030410,0.005320
-0.010760,-0.030896,0.005489
-0.012711,-0.030139,0.011456
-0.013327,-0.030222,0.010438
-0.013667,-0.031296,0.010693
-0.012994,-0.030689,0.011407
-0.011027,-0.032037,0.005420
-0.012024,-0.032382,0.005912
-0.014320,-0.032577,0.009479
-0.015938,-0.036428,0.009442
-0.015256,-0.034745,0.009633
-0.014540,-0.033344,0.010827
-0.014722,-0.033538,0.010320
-0.014670,-0.034553,0.007904
-0.015393,-0.035508,0.008492
-0.015291,-0.035624,0.007923
-0.014214,-0.034473,0.007094
-0.014127,-0.034887,0.006579
-0.011219,-0.033202,0.005280
-0.012635,-0.034090,0.005638
-0.013256,-0.034138,0.006077
-0.014487,-0.035312,0.006551
-0.014735,-0.036026,0.005990
-0.014787,-0.035859,0.006253
-0.011688,-0.031170,0.012537
-0.010686,-0.030233,0.012708
-0.012671,-0.031233,0.011929
-0.006301,-0.026197,0.006180
-0.009136,-0.027122,0.005081
-0.006793,-0.026185,0.005812
-0.007638,-0.027820,0.005756
-0.008863,-0.027201,0.005134
-0.009442,-0.027067,0.005124
-0.009729,-0.027586,0.005252
-0.004725,-0.027080,0.009218
-0.004711,-0.027028,0.009524
-0.005021,-0.027262,0.007912
-0.005015,-0.027486,0.008271
-0.004803,-0.027584,0.009606
-0.004808,-0.028505,0.011037
-0.004763,-0.028562,0.010751
-0.004711,-0.027028,0.009524
-0.005432,-0.026701,0.007047
-0.005800,-0.027310,0.006945
-0.006219,-0.026739,0.006495
-0.005196,-0.027299,0.007552
-0.005221,-0.029491,0.011729
-0.004891,-0.028445,0.011312
-0.005521,-0.029396,0.012006
-0.006494,-0.030341,0.012437
-0.010659,-0.031349,0.013040
-0.010333,-0.032515,0.013349
-0.009865,-0.033152,0.013467
-0.009151,-0.032702,0.013329
-0.008198,-0.031154,0.012979
-0.009137,-0.032642,0.013317
-0.008851,-0.032750,0.013312
-0.007909,-0.032935,0.013085
-0.006923,-0.029676,0.012516
-0.007026,-0.030236,0.012566
-0.007076,-0.030489,0.012597
-0.007021,-0.030238,0.012564
-0.010058,-0.028685,0.005368
-0.009618,-0.029953,0.005194
-0.009737,-0.028820,0.005183
-0.010138,-0.031044,0.005188
-0.010372,-0.031587,0.005224
-0.013669,-0.032272,0.011511
-0.014385,-0.033422,0.011279
-0.011303,-0.032575,0.005441
-0.010356,-0.032771,0.005161
-0.011006,-0.032853,0.005277
-0.015889,-0.036329,0.010062
-0.015477,-0.036224,0.007672
-0.016093,-0.037137,0.008598
-0.016312,-0.037629,0.008939
-0.016096,-0.036875,0.010106
-0.014880,-0.034053,0.010579
-0.015307,-0.035555,0.011652
-0.014669,-0.034949,0.007358
-0.015089,-0.035673,0.007371
-0.011532,-0.034535,0.005135
-0.010523,-0.033923,0.005111
-0.011649,-0.035523,0.005004
-0.013243,-0.035197,0.005469
-0.013938,-0.035644,0.005539
-0.012197,-0.034821,0.005192
-0.013608,-0.035093,0.005739
-0.015007,-0.035862,0.006810
-0.015247,-0.036357,0.006521
-0.015243,-0.036509,0.006240
-0.014322,-0.035762,0.005755
-0.015426,-0.037163,0.005689
-0.016158,-0.038171,0.005972
-0.013480,-0.033380,0.012316
-0.014103,-0.033923,0.012016
-0.009631,-0.028202,0.005157
-0.006776,-0.027294,0.006180
-0.008006,-0.028358,0.005695
-0.009331,-0.028252,0.005134
-0.009146,-0.028853,0.005207
-0.004838,-0.027635,0.009293
-0.005090,-0.027768,0.008304
-0.005459,-0.027842,0.007547
-0.004813,-0.027589,0.009569
-0.004834,-0.028711,0.011071
-0.004833,-0.029172,0.010538
-0.004959,-0.029620,0.011212
-0.005092,-0.030791,0.011092
-0.005004,-0.030269,0.010815
-0.006708,-0.028389,0.006671
-0.005689,-0.027852,0.007297
-0.004986,-0.028994,0.011432
-0.005326,-0.030045,0.011807
-0.005213,-0.030096,0.011612
-0.006203,-0.030986,0.012344
-0.005847,-0.031074,0.012161
-0.012250,-0.033564,0.013150
-0.011232,-0.033999,0.013556
-0.009922,-0.034844,0.013772
-0.009505,-0.034346,0.013646
-0.009144,-0.032703,0.013327
-0.009197,-0.033262,0.013422
-0.008187,-0.034030,0.013266
-0.009311,-0.034955,0.013683
-0.007151,-0.032518,0.012786
-0.008244,-0.034596,0.013329
-0.009711,-0.028771,0.005182
-0.009438,-0.030550,0.005284
-0.009789,-0.031103,0.005156
-0.009975,-0.032241,0.005177
-0.009988,-0.032319,0.005177
-0.010056,-0.032821,0.005139
-0.015946,-0.036679,0.010739
-0.015057,-0.035803,0.007095
-0.015858,-0.037189,0.007120
-0.016139,-0.037753,0.007769
-0.016364,-0.038702,0.009449
-0.016224,-0.038054,0.009929
-0.016035,-0.037287,0.011144
-0.016373,-0.038347,0.008126
-0.015835,-0.036636,0.011702
-0.015729,-0.036186,0.011021
-0.014610,-0.034978,0.012225
-0.015692,-0.036470,0.012026
-0.014811,-0.035497,0.012421
-0.012236,-0.035298,0.005067
-0.011889,-0.034945,0.005105
-0.011524,-0.036721,0.004959
-0.009874,-0.033418,0.005226
-0.011938,-0.035481,0.004985
-0.011999,-0.036077,0.004873
-0.013575,-0.035631,0.005338
-0.012644,-0.036587,0.004738
-0.013283,-0.036834,0.004732
-0.012332,-0.035408,0.005058
-0.012315,-0.036028,0.004875
-0.015333,-0.037223,0.005417
-0.015969,-0.037464,0.006827
-0.016189,-0.038062,0.006565
-0.015759,-0.037864,0.005411
-0.016090,-0.038230,0.005693
-0.016274,-0.038778,0.005744
-0.016582,-0.039208,0.006358
-0.012559,-0.033739,0.013088
-0.013375,-0.033916,0.012693
-0.007961,-0.029491,0.005952
-0.009017,-0.031148,0.005580
-0.009211,-0.030762,0.005423
-0.005056,-0.029822,0.009973
-0.005166,-0.028838,0.008805
-0.005189,-0.028323,0.008383
-0.005310,-0.028365,0.008041
-0.005296,-0.028876,0.008478
-0.005580,-0.028392,0.007649
-0.005190,-0.031453,0.010568
-0.005402,-0.031840,0.011516
-0.005387,-0.031070,0.011679
-0.005277,-0.032010,0.010652
-0.005381,-0.032459,0.011334
-0.005135,-0.030380,0.010059
-0.006047,-0.029492,0.007633
-0.006507,-0.029486,0.007265
-0.007628,-0.030049,0.006402
-0.006484,-0.032672,0.012490
-0.012731,-0.035597,0.013689
-0.011066,-0.035240,0.013855
-0.010037,-0.035397,0.013862
-0.009541,-0.036056,0.013872
-0.009967,-0.036547,0.014031
-0.008684,-0.035076,0.013540
-0.009538,-0.036042,0.013869
-0.008912,-0.035604,0.013665
-0.006590,-0.033232,0.012547
-0.007498,-0.035332,0.013117
-0.008160,-0.035758,0.013442
-0.008479,-0.035693,0.013537
-0.008406,-0.035366,0.013464
-0.009517,-0.031131,0.005241
-0.009607,-0.031702,0.005239
-0.009673,-0.032272,0.005266
-0.009767,-0.032262,0.005235
-0.009470,-0.032488,0.005373
-0.009778,-0.032853,0.005202
-0.016235,-0.038124,0.006876
-0.016561,-0.039011,0.007503
-0.016026,-0.038893,0.010843
-0.016421,-0.039380,0.008867
-0.015960,-0.040374,0.010846
-0.015943,-0.039045,0.011211
-0.015835,-0.037713,0.012229
-0.015862,-0.037145,0.012107
-0.014290,-0.035494,0.012901
-0.015574,-0.036555,0.012393
-0.014819,-0.036547,0.013108
-0.015307,-0.036539,0.012724
-0.012294,-0.036032,0.004871
-0.009660,-0.035259,0.005553
-0.010297,-0.038037,0.005203
-0.009360,-0.036927,0.005684
-0.011177,-0.038190,0.005037
-0.012542,-0.038119,0.004596
-0.012416,-0.037222,0.004648
-0.009612,-0.033436,0.005349
-0.009384,-0.035169,0.005686
-0.014717,-0.036771,0.005208
-0.013913,-0.036974,0.004748
-0.013029,-0.037369,0.004606
-0.013349,-0.037586,0.004549
-0.013930,-0.037311,0.004625
-0.013610,-0.037090,0.004680
-0.015315,-0.037444,0.005155
-0.015357,-0.037892,0.004918
-0.015751,-0.038249,0.005178
-0.015804,-0.038362,0.005184
-0.016147,-0.038842,0.005484
-0.016259,-0.039396,0.005560
-0.016412,-0.039329,0.005811
-0.016687,-0.039762,0.006436
-0.013019,-0.034463,0.013232
-0.007703,-0.030607,0.006489
-0.007706,-0.030664,0.006499
-0.008365,-0.031739,0.006116
-0.005630,-0.030542,0.008687
-0.005303,-0.028878,0.008458
-0.005718,-0.030022,0.008244
-0.006129,-0.030035,0.007805
-0.005452,-0.032098,0.009990
-0.005802,-0.033485,0.011788
-0.005317,-0.032518,0.011053
-0.005335,-0.032510,0.010734
-0.005374,-0.032618,0.010430
-0.007299,-0.030966,0.006999
-0.007334,-0.031158,0.007012
-0.011033,-0.035812,0.013951
-0.012302,-0.036201,0.013954
-0.013844,-0.037959,0.014151
-0.010746,-0.035851,0.013981
-0.010571,-0.036444,0.014089
-0.010201,-0.036178,0.014000
-0.010270,-0.036496,0.014061
-0.009771,-0.037157,0.014060
-0.009540,-0.036057,0.013871
-0.008499,-0.036262,0.013614
-0.006339,-0.034471,0.012371
-0.006898,-0.036060,0.012825
-0.007272,-0.036545,0.013077
-0.008440,-0.035702,0.013520
-0.008594,-0.033453,0.006152
-0.016666,-0.039554,0.007650
-0.016861,-0.040206,0.007095
-0.016723,-0.040061,0.008046
-0.015777,-0.039137,0.011906
-0.015659,-0.040359,0.011874
-0.016908,-0.040714,0.007494
-0.016746,-0.041138,0.008566
-0.015984,-0.040895,0.010630
-0.015851,-0.038330,0.012034
-0.015722,-0.037107,0.012456
-0.015594,-0.038324,0.012739
-0.014465,-0.037089,0.013658
-0.015207,-0.037070,0.013119
-0.015445,-0.037146,0.012863
-0.008969,-0.035761,0.006005
-0.009435,-0.037758,0.005497
-0.010123,-0.039295,0.004963
-0.011015,-0.039131,0.005004
-0.008809,-0.036342,0.006173
-0.008424,-0.037556,0.006258
-0.012385,-0.038987,0.004620
-0.013151,-0.038301,0.004519
-0.013053,-0.039477,0.004576
-0.013250,-0.038866,0.004549
-0.008039,-0.034584,0.006864
-0.014987,-0.037362,0.004928
-0.013653,-0.037637,0.004534
-0.014279,-0.037678,0.004588
-0.015383,-0.038489,0.004828
-0.015045,-0.037974,0.004720
-0.015857,-0.038941,0.005168
-0.016036,-0.039470,0.005332
-0.016570,-0.039845,0.006071
-0.016377,-0.040516,0.005746
-0.016910,-0.041438,0.006700
-0.016761,-0.040938,0.006334
-0.005685,-0.031615,0.009196
-0.006062,-0.031671,0.008550
-0.006326,-0.030773,0.007890
-0.006519,-0.030592,0.007620
-0.006432,-0.031136,0.007930
-0.006017,-0.032202,0.008897
-0.005627,-0.032488,0.009700
-0.006027,-0.034591,0.011957
-0.006066,-0.036969,0.011705
-0.005748,-0.035356,0.011171
-0.005712,-0.034900,0.010467
-0.006514,-0.031691,0.008032
-0.007723,-0.033525,0.007064
-0.011448,-0.036315,0.014064
-0.011272,-0.036908,0.014169
-0.010688,-0.036994,0.014190
-0.011164,-0.036432,0.014062
-0.012823,-0.037260,0.014131
-0.013632,-0.038281,0.014279
-0.013910,-0.038248,0.014218
-0.009033,-0.036726,0.013834
-0.010236,-0.039382,0.014316
-0.010581,-0.038086,0.014262
-0.008297,-0.038031,0.013708
-0.007398,-0.037091,0.013187
-0.006783,-0.037841,0.012773
-0.016992,-0.041324,0.007276
-0.015396,-0.039452,0.012713
-0.015376,-0.040690,0.012341
-0.015865,-0.041438,0.010975
-0.016941,-0.042207,0.008093
-0.016883,-0.042308,0.008443
-0.016470,-0.041571,0.009676
-0.016739,-0.041699,0.008701
-0.016792,-0.042264,0.008776
-0.015311,-0.037630,0.013173
-0.015171,-0.038192,0.013419
-0.015004,-0.039089,0.013388
-0.014845,-0.037621,0.013639
-0.014590,-0.037632,0.013790
-0.008688,-0.038588,0.005584
-0.009207,-0.038851,0.005161
-0.008690,-0.039467,0.005121
-0.009241,-0.040301,0.004503
-0.010553,-0.040417,0.004739
-0.011074,-0.039726,0.004888
-0.007966,-0.036895,0.007101
-0.007857,-0.038770,0.006506
-0.007397,-0.037419,0.007952
-0.007765,-0.036935,0.007418
-0.011457,-0.040253,0.004881
-0.012585,-0.040114,0.004692
-0.014327,-0.038122,0.004510
-0.014861,-0.039176,0.004705
-0.014729,-0.038634,0.004577
-0.013173,-0.040022,0.004692
-0.007103,-0.035080,0.008208
-0.015161,-0.039119,0.004760
-0.014990,-0.039710,0.004885
-0.015740,-0.040006,0.005220
-0.016001,-0.041736,0.005795
-0.016357,-0.041649,0.005978
-0.016411,-0.041068,0.005900
-0.015591,-0.041262,0.005516
-0.016751,-0.042000,0.006549
-0.016871,-0.042178,0.006859
-0.016973,-0.041943,0.007093
-0.006403,-0.031137,0.007953
-0.005824,-0.032732,0.009375
-0.006078,-0.032761,0.008989
-0.006160,-0.036908,0.011976
-0.005998,-0.037028,0.011426
-0.006141,-0.037527,0.011793
-0.006129,-0.039169,0.010875
-0.005921,-0.036613,0.010521
-0.005923,-0.035517,0.010095
-0.006039,-0.034973,0.009754
-0.006388,-0.033337,0.008763
-0.011492,-0.038590,0.014389
-0.011136,-0.036929,0.014170
-0.012602,-0.038985,0.014496
-0.013272,-0.039475,0.014459
-0.013992,-0.038825,0.014186
-0.014696,-0.038192,0.013846
-0.014186,-0.038289,0.014110
-0.010813,-0.039275,0.014411
-0.010404,-0.040509,0.014405
-0.010102,-0.040562,0.014375
-0.010355,-0.039936,0.014389
-0.008636,-0.039690,0.013964
-0.007407,-0.038818,0.013336
-0.008052,-0.039237,0.013721
-0.006240,-0.037465,0.012062
-0.006565,-0.039077,0.012593
-0.006317,-0.037984,0.012141
-0.016899,-0.043029,0.007645
-0.014787,-0.039388,0.013516
-0.015180,-0.040656,0.012708
-0.014734,-0.041190,0.013391
-0.016364,-0.042658,0.010238
-0.015166,-0.041788,0.012939
-0.015634,-0.041953,0.011575
-0.016031,-0.042020,0.010840
-0.016821,-0.043418,0.008060
-0.016751,-0.043174,0.008970
-0.016584,-0.044147,0.008904
-0.016717,-0.042217,0.009102
-0.016758,-0.042783,0.009202
-0.014749,-0.038792,0.013708
-0.008455,-0.039228,0.005472
-0.008951,-0.040230,0.004579
-0.008683,-0.040120,0.004748
-0.008447,-0.039613,0.005239
-0.008988,-0.040709,0.004449
-0.009274,-0.040670,0.004417
-0.011317,-0.040857,0.004901
-0.009682,-0.041178,0.004504
-0.007260,-0.038565,0.008214
-0.007645,-0.038996,0.006929
-0.008012,-0.039438,0.005898
-0.007564,-0.039929,0.006828
-0.007722,-0.040018,0.006172
-0.006600,-0.036156,0.009190
-0.007094,-0.035648,0.008309
-0.012440,-0.040806,0.004851
-0.012735,-0.042364,0.005069
-0.012826,-0.041206,0.004923
-0.013306,-0.040571,0.004845
-0.013612,-0.040506,0.004894
-0.013437,-0.041097,0.005007
-0.006227,-0.033579,0.009105
-0.015217,-0.040219,0.005113
-0.016178,-0.042796,0.006263
-0.015689,-0.042362,0.005825
-0.016452,-0.042717,0.006474
-0.014982,-0.040811,0.005285
-0.014937,-0.041942,0.005547
-0.016317,-0.043296,0.006631
-0.016326,-0.044024,0.007086
-0.016726,-0.043150,0.007098
-0.006193,-0.033315,0.009063
-0.006064,-0.037564,0.011512
-0.006141,-0.037527,0.011793
-0.006141,-0.037527,0.011793
-0.006187,-0.040454,0.011737
-0.006306,-0.040617,0.010699
-0.006263,-0.040093,0.010392
-0.006065,-0.037587,0.011516
-0.006207,-0.038086,0.011884
-0.006180,-0.038918,0.010496
-0.006067,-0.037233,0.010196
-0.006249,-0.037267,0.009833
-0.012998,-0.039502,0.014539
-0.011237,-0.039770,0.014560
-0.011955,-0.040218,0.014709
-0.012469,-0.039789,0.014635
-0.013818,-0.039636,0.014181
-0.013626,-0.041765,0.014432
-0.010238,-0.041377,0.014400
-0.010560,-0.040481,0.014433
-0.007973,-0.040934,0.014115
-0.008154,-0.040337,0.014028
-0.009118,-0.041873,0.014428
-0.008400,-0.041426,0.014275
-0.006788,-0.039569,0.012934
-0.007623,-0.039644,0.013624
-0.007280,-0.039735,0.013438
-0.006521,-0.040212,0.012834
-0.006722,-0.040139,0.013069
-0.006400,-0.039786,0.012474
-0.006274,-0.039776,0.012199
-0.016694,-0.043634,0.007517
-0.014180,-0.040607,0.013869
-0.014066,-0.041311,0.014125
-0.014967,-0.042289,0.013591
-0.014740,-0.042280,0.013848
-0.014246,-0.042292,0.014209
-0.014500,-0.042281,0.014053
-0.016042,-0.042583,0.010961
-0.016757,-0.042779,0.009204
-0.016172,-0.043190,0.010716
-0.016622,-0.043339,0.009464
-0.016310,-0.044519,0.009688
-0.016327,-0.043929,0.010190
-0.015407,-0.042383,0.012669
-0.015929,-0.043125,0.011307
-0.015808,-0.043633,0.011856
-0.015706,-0.043590,0.012191
-0.016422,-0.044612,0.008110
-0.016293,-0.044926,0.008525
-0.016541,-0.044362,0.008647
-0.016254,-0.044834,0.009456
-0.008719,-0.040734,0.004545
-0.008196,-0.040165,0.005116
-0.007986,-0.040104,0.005457
-0.009079,-0.041280,0.004448
-0.010128,-0.041654,0.004736
-0.012256,-0.043021,0.005080
-0.010858,-0.042093,0.004929
-0.009623,-0.042320,0.004712
-0.007356,-0.039038,0.007966
-0.007016,-0.039254,0.008739
-0.007606,-0.041056,0.007040
-0.007578,-0.041012,0.007664
-0.007364,-0.040303,0.008215
-0.007767,-0.041251,0.005779
-0.013253,-0.041132,0.004973
-0.012846,-0.042928,0.005089
-0.013774,-0.041114,0.005119
-0.014075,-0.040967,0.005192
-0.015839,-0.042886,0.006050
-0.014553,-0.043163,0.005595
-0.015596,-0.044035,0.006380
-0.015667,-0.043474,0.006176
-0.016354,-0.044318,0.007448
-0.015728,-0.044519,0.006840
-0.015934,-0.044830,0.007369
-0.006524,-0.041146,0.010832
-0.006192,-0.039836,0.011925
-0.006386,-0.040947,0.012085
-0.006204,-0.040400,0.012034
-0.006466,-0.040681,0.010188
-0.006329,-0.039574,0.009956
-0.006378,-0.040134,0.010052
-0.006684,-0.039645,0.009234
-0.012334,-0.040748,0.014688
-0.011108,-0.040971,0.014498
-0.013942,-0.040606,0.014083
-0.013893,-0.041740,0.014331
-0.012483,-0.041917,0.014564
-0.012739,-0.041571,0.014593
-0.014049,-0.042904,0.014235
-0.012885,-0.042739,0.014467
-0.013206,-0.043006,0.014387
-0.010707,-0.042198,0.014525
-0.007538,-0.040601,0.013842
-0.007644,-0.041008,0.013984
-0.007668,-0.041587,0.013998
-0.008898,-0.042504,0.014364
-0.009315,-0.043135,0.014415
-0.009612,-0.042957,0.014495
-0.010847,-0.043050,0.014543
-0.007826,-0.042150,0.013988
-0.008551,-0.042580,0.014231
-0.006934,-0.040632,0.013413
-0.006747,-0.040679,0.013168
-0.006367,-0.040279,0.012583
-0.006474,-0.040834,0.012660
-0.006577,-0.040771,0.012927
-0.006754,-0.040700,0.013180
-0.006265,-0.040342,0.012315
-0.016138,-0.045001,0.007964
-0.014819,-0.042859,0.013807
-0.015056,-0.042861,0.013587
-0.015272,-0.042881,0.013288
-0.014335,-0.043091,0.014083
-0.014641,-0.043666,0.013790
-0.015995,-0.044605,0.010741
-0.015848,-0.044401,0.011371
-0.016161,-0.044428,0.010341
-0.016227,-0.044473,0.010017
-0.015457,-0.043508,0.012877
-0.015686,-0.043690,0.012218
-0.015679,-0.044512,0.011758
-0.015514,-0.043791,0.012603
-0.015972,-0.045380,0.008404
-0.015946,-0.045528,0.009066
-0.015657,-0.045922,0.008923
-0.015689,-0.045731,0.010124
-0.008465,-0.040745,0.004699
-0.008792,-0.041237,0.004518
-0.008540,-0.041331,0.004637
-0.007958,-0.040720,0.005301
-0.008919,-0.041862,0.004613
-0.009449,-0.042912,0.004827
-0.010666,-0.042699,0.004976
-0.011120,-0.044321,0.005340
-0.012174,-0.044058,0.005270
-0.010274,-0.042294,0.004889
-0.010022,-0.043930,0.005195
-0.010061,-0.042804,0.004912
-0.007157,-0.040253,0.008681
-0.007916,-0.042314,0.006256
-0.008021,-0.042764,0.006938
-0.008051,-0.042708,0.007229
-0.007609,-0.041369,0.008592
-0.007942,-0.041988,0.008369
-0.007454,-0.040851,0.008345
-0.008007,-0.041845,0.005509
-0.008108,-0.041324,0.005062
-0.008147,-0.042910,0.005990
-0.013063,-0.043464,0.005185
-0.014957,-0.043431,0.005835
-0.014941,-0.043639,0.005881
-0.013602,-0.043450,0.005326
-0.014828,-0.044173,0.006023
-0.014297,-0.044703,0.005983
-0.015494,-0.044852,0.006887
-0.015629,-0.045052,0.007235
-0.015840,-0.044985,0.007430
-0.006541,-0.041237,0.011158
-0.007279,-0.042072,0.010155
-0.006694,-0.041431,0.012398
-0.007073,-0.042103,0.011476
-0.006410,-0.040893,0.012379
-0.006665,-0.040793,0.009781
-0.006519,-0.040060,0.009680
-0.006747,-0.040204,0.009326
-0.011471,-0.042655,0.014581
-0.013860,-0.043907,0.014082
-0.012706,-0.043671,0.014377
-0.007028,-0.041189,0.013494
-0.007330,-0.041367,0.013748
-0.007636,-0.042208,0.013819
-0.008491,-0.043205,0.014062
-0.009228,-0.043647,0.014232
-0.009032,-0.043954,0.014042
-0.009699,-0.044166,0.014188
-0.010384,-0.044649,0.014163
-0.010240,-0.043443,0.014499
-0.011294,-0.044338,0.014347
-0.010981,-0.044152,0.014408
-0.006894,-0.041254,0.013237
-0.006761,-0.040748,0.013178
-0.006786,-0.041304,0.012968
-0.006727,-0.041376,0.012689
-0.015735,-0.045213,0.007508
-0.015555,-0.045561,0.007731
-0.015413,-0.046050,0.008400
-0.014878,-0.043456,0.013687
-0.015114,-0.043458,0.013466
-0.014395,-0.044106,0.013742
-0.014881,-0.044100,0.013350
-0.014639,-0.044745,0.013211
-0.015458,-0.045213,0.011655
-0.015665,-0.045659,0.010430
-0.015556,-0.045599,0.010764
-0.015511,-0.044171,0.012389
-0.015373,-0.044805,0.012226
-0.015584,-0.045950,0.008639
-0.015507,-0.046095,0.009317
-0.014892,-0.046629,0.008991
-0.014966,-0.046578,0.009270
-0.015099,-0.046395,0.009817
-0.014755,-0.046586,0.010587
-0.008360,-0.042430,0.005203
-0.008770,-0.042431,0.004828
-0.009038,-0.042410,0.004722
-0.009163,-0.042951,0.004858
-0.009594,-0.043457,0.005021
-0.009731,-0.043971,0.005212
-0.010291,-0.043765,0.005177
-0.012913,-0.044615,0.005428
-0.010833,-0.044676,0.005501
-0.013393,-0.043967,0.005360
-0.010363,-0.045088,0.005730
-0.010609,-0.044936,0.005622
-0.008092,-0.042949,0.006328
-0.008231,-0.043333,0.007610
-0.008179,-0.043368,0.006696
-0.007683,-0.041863,0.009050
-0.007131,-0.041298,0.009423
-0.008111,-0.042439,0.008719
-0.008115,-0.042441,0.008708
-0.008648,-0.042982,0.005137
-0.008561,-0.043503,0.005583
-0.008249,-0.043413,0.006371
-0.014062,-0.043948,0.005593
-0.013542,-0.044495,0.005553
-0.013817,-0.044982,0.005876
-0.014266,-0.045509,0.006465
-0.014449,-0.045878,0.006885
-0.014877,-0.045914,0.007292
-0.007705,-0.042780,0.010476
-0.007941,-0.042387,0.009169
-0.007077,-0.041855,0.012987
-0.007731,-0.042869,0.013296
-0.007594,-0.042905,0.011785
-0.013872,-0.044814,0.013634
-0.014145,-0.044373,0.013773
-0.013057,-0.044869,0.013906
-0.012178,-0.044356,0.014268
-0.012466,-0.044257,0.014276
-0.007228,-0.041735,0.013540
-0.007126,-0.041797,0.013272
-0.007501,-0.042274,0.013563
-0.007818,-0.042802,0.013611
-0.008569,-0.043815,0.013847
-0.009001,-0.044339,0.013816
-0.010061,-0.044965,0.013921
-0.010699,-0.044974,0.014035
-0.012497,-0.044935,0.014017
-0.006791,-0.041317,0.012969
-0.014870,-0.046409,0.008017
-0.014768,-0.046323,0.007720
-0.014485,-0.046822,0.008533
-0.014867,-0.045121,0.012759
-0.013845,-0.045534,0.013161
-0.014339,-0.045671,0.012722
-0.015012,-0.045747,0.011901
-0.015102,-0.045448,0.012126
-0.014871,-0.046313,0.011121
-0.015041,-0.046495,0.009543
-0.013993,-0.047124,0.008747
-0.013406,-0.047484,0.009627
-0.013738,-0.047338,0.009806
-0.014869,-0.046622,0.009934
-0.014443,-0.046830,0.010421
-0.008895,-0.042975,0.004957
-0.009031,-0.043508,0.005132
-0.009370,-0.043718,0.005143
-0.009332,-0.044493,0.005622
-0.009774,-0.045033,0.005803
-0.010287,-0.045661,0.006181
-0.010611,-0.044934,0.005622
-0.013352,-0.044963,0.005706
-0.012495,-0.045210,0.005735
-0.010610,-0.044937,0.005623
-0.010985,-0.045412,0.005912
-0.008435,-0.043502,0.008205
-0.008422,-0.043699,0.007935
-0.008592,-0.044076,0.006396
-0.008944,-0.044928,0.007129
-0.009176,-0.045308,0.007707
-0.008309,-0.042986,0.008766
-0.008853,-0.043513,0.005265
-0.009010,-0.044260,0.005676
-0.008951,-0.044530,0.006061
-0.008621,-0.043995,0.006058
-0.013549,-0.045525,0.006069
-0.013581,-0.046082,0.006482
-0.013858,-0.046231,0.006737
-0.008193,-0.043463,0.010459
-0.008371,-0.043292,0.009119
-0.007986,-0.043410,0.013324
-0.007854,-0.043360,0.012419
-0.008379,-0.043847,0.010477
-0.012884,-0.045557,0.013467
-0.008388,-0.043885,0.013606
-0.008966,-0.044902,0.013314
-0.009064,-0.045004,0.013304
-0.010014,-0.045581,0.013434
-0.010143,-0.045360,0.013662
-0.010633,-0.045916,0.013307
-0.011260,-0.045869,0.013414
-0.012459,-0.045612,0.013529
-0.014155,-0.046976,0.008354
-0.013617,-0.046937,0.007578
-0.013501,-0.046185,0.012672
-0.014020,-0.046306,0.012323
-0.014489,-0.046316,0.011866
-0.014233,-0.046415,0.011966
-0.013949,-0.047121,0.010634
-0.013405,-0.047366,0.008667
-0.013288,-0.047419,0.010276
-0.012519,-0.047609,0.009617
-0.012681,-0.047571,0.010184
-0.012523,-0.047520,0.008662
-0.009103,-0.044544,0.005838
-0.009441,-0.045046,0.006010
-0.009717,-0.045527,0.006366
-0.010162,-0.046004,0.006594
-0.010419,-0.045990,0.006451
-0.012688,-0.045787,0.006078
-0.010865,-0.046331,0.006757
-0.011818,-0.046534,0.006812
-0.012329,-0.046330,0.006611
-0.009164,-0.045354,0.008658
-0.009123,-0.045025,0.006418
-0.009438,-0.045507,0.006728
-0.009676,-0.045900,0.007044
-0.009262,-0.045419,0.007390
-0.009469,-0.045929,0.008364
-0.013141,-0.046788,0.007072
-0.008920,-0.045006,0.010055
-0.008752,-0.045102,0.012485
-0.008190,-0.044115,0.012464
-0.008549,-0.044540,0.013060
-0.012081,-0.046267,0.012923
-0.008915,-0.045070,0.013052
-0.008915,-0.045070,0.013052
-0.009260,-0.045421,0.013013
-0.009924,-0.045981,0.012917
-0.010852,-0.046489,0.012727
-0.010500,-0.046531,0.012534
-0.013124,-0.047232,0.007791
-0.013168,-0.046606,0.012338
-0.013706,-0.046539,0.012156
-0.013795,-0.046980,0.011206
-0.013087,-0.047374,0.010642
-0.012695,-0.047424,0.008276
-0.011471,-0.047559,0.009935
-0.012090,-0.047594,0.009194
-0.012478,-0.047509,0.010548
-0.011937,-0.047239,0.007852
-0.009391,-0.045322,0.006393
-0.010007,-0.046181,0.006996
-0.010268,-0.046453,0.007281
-0.010859,-0.046836,0.007485
-0.011688,-0.046840,0.007226
-0.011275,-0.047116,0.007722
-0.012889,-0.046907,0.007175
-0.009723,-0.046353,0.008994
-0.009818,-0.046339,0.008337
-0.010064,-0.046775,0.008971
-0.008961,-0.045486,0.010621
-0.008983,-0.045623,0.010954
-0.008840,-0.045130,0.012775
-0.008843,-0.045135,0.012775
-0.009123,-0.045580,0.012464
-0.009036,-0.045573,0.012177
-0.008915,-0.045070,0.013052
-0.011952,-0.046891,0.012151
-0.012564,-0.046772,0.012248
-0.009841,-0.046216,0.012365
-0.010362,-0.046688,0.011984
-0.010600,-0.046709,0.012226
-0.012486,-0.047212,0.007684
-0.013268,-0.047002,0.011448
-0.012360,-0.047178,0.011344
-0.011696,-0.047313,0.011066
-0.010688,-0.047257,0.010746
-0.011320,-0.047559,0.009671
-0.011516,-0.047577,0.009301
-0.010946,-0.047297,0.008547
-0.010732,-0.047277,0.008852
-0.009949,-0.046734,0.009311
-0.009380,-0.046232,0.010951
-0.010846,-0.047411,0.009165
-0.009559,-0.046276,0.011529
-0.009728,-0.046333,0.011799
-0.011257,-0.047027,0.011771
-0.010540,-0.047051,0.011376
-0.010247,-0.046953,0.011135
-0.010462,-0.047197,0.009555
-0.009964,-0.046817,0.010573