-0.011922,-0.035381,0.006966
-0.012161,-0.035983,0.006799
-0.011685,-0.035449,0.006925
-0.011578,-0.034464,0.007092
-0.012346,-0.035767,0.006820
-0.012432,-0.034572,0.007017
-0.011477,-0.035578,0.006834
-0.012520,-0.036164,0.006627
-0.012338,-0.036396,0.006608
-0.012100,-0.036475,0.006595
-0.011283,-0.035081,0.006946
-0.011414,-0.035417,0.006872
-0.011779,-0.034278,0.007098
-0.011104,-0.034591,0.006990
-0.011144,-0.033994,0.007095
-0.012981,-0.035201,0.006651
-0.012823,-0.034844,0.006849
-0.012737,-0.033922,0.007024
-0.012986,-0.034553,0.006861
-0.011116,-0.035180,0.006801
-0.011679,-0.036081,0.006678
-0.010853,-0.035176,0.006500
-0.011319,-0.035795,0.006628
-0.012651,-0.036439,0.006419
-0.013401,-0.035448,0.006245
-0.012120,-0.036521,0.006575
-0.012468,-0.036671,0.006400
-0.011891,-0.036588,0.006476
-0.011855,-0.036507,0.006524
-0.010897,-0.034705,0.006859
-0.012084,-0.033597,0.007045
-0.011428,-0.033301,0.007143
-0.010757,-0.033617,0.007007
-0.013296,-0.034584,0.006671
-0.013400,-0.034809,0.006515
-0.013132,-0.034872,0.006658
-0.013425,-0.033524,0.006876
-0.012551,-0.033398,0.007036
-0.010721,-0.034834,0.006574
-0.010668,-0.035618,0.005490
-0.011098,-0.035796,0.006336
-0.010383,-0.035196,0.005409
-0.013505,-0.036017,0.005799
-0.012822,-0.036718,0.005968
-0.012555,-0.036814,0.006175
-0.013998,-0.035442,0.005855
-0.012008,-0.036851,0.006325
-0.012255,-0.036811,0.006369
-0.011693,-0.036684,0.006255
-0.010538,-0.034347,0.006638
-0.010873,-0.032440,0.007035
-0.011471,-0.031072,0.006982
-0.010485,-0.032063,0.006953
-0.010350,-0.033847,0.006707
-0.010384,-0.033247,0.006848
-0.010098,-0.031686,0.006866
-0.013817,-0.033803,0.006717
-0.014472,-0.034639,0.006142
-0.013625,-0.033344,0.006902
-0.014166,-0.032689,0.007097
-0.012952,-0.033003,0.007004
-0.011809,-0.031246,0.006925
-0.011237,-0.036416,0.005900
-0.010976,-0.036769,0.004619
-0.010249,-0.035117,0.005128
-0.009938,-0.033870,0.005992
-0.012839,-0.037198,0.005249
-0.013695,-0.035977,0.005581
-0.013695,-0.035977,0.005581
-0.013518,-0.036227,0.005565
-0.012514,-0.037236,0.005692
-0.012345,-0.036964,0.006145
-0.013953,-0.035853,0.005371
-0.014558,-0.035327,0.005451
-0.014583,-0.034855,0.005926
-0.011831,-0.036983,0.006049
-0.012108,-0.037033,0.006105
-0.011542,-0.036848,0.005886
-0.010256,-0.033917,0.006556
-0.010382,-0.030994,0.006915
-0.010489,-0.029814,0.006992
-0.010319,-0.031579,0.006926
-0.012127,-0.029116,0.006939
-0.010278,-0.031600,0.006911
-0.009900,-0.032544,0.006651
-0.009562,-0.030835,0.006667
-0.009939,-0.031206,0.006801
-0.010161,-0.031101,0.006856
-0.010161,-0.031101,0.006856
-0.013914,-0.033396,0.006886
-0.014278,-0.033626,0.006792
-0.014780,-0.034118,0.006417
-0.015087,-0.034688,0.005759
-0.013125,-0.032742,0.007020
-0.014509,-0.032873,0.007038
-0.014467,-0.032005,0.007061
-0.013760,-0.032302,0.007106
-0.014362,-0.033188,0.006974
-0.012409,-0.030676,0.006942
-0.012310,-0.029624,0.006914
-0.011315,-0.037118,0.004957
-0.011328,-0.037228,0.004716
-0.011277,-0.037228,0.004455
-0.010201,-0.036202,0.003433
-0.009863,-0.035597,0.003580
-0.011311,-0.037260,0.004213
-0.010923,-0.036977,0.003619
-0.009409,-0.034816,0.003695
-0.009438,-0.034126,0.004659
-0.009208,-0.034309,0.003875
-0.009750,-0.034399,0.004987
-0.009723,-0.033748,0.005692
-0.009189,-0.031641,0.006207
-0.009318,-0.032783,0.005792
-0.012365,-0.037452,0.005427
-0.013525,-0.036561,0.004584
-0.013368,-0.036753,0.004316
-0.012739,-0.037327,0.004486
-0.012461,-0.037508,0.004947
-0.013695,-0.035977,0.005581
-0.013828,-0.035961,0.005355
-0.013756,-0.036043,0.005346
-0.012208,-0.037219,0.005885
-0.014246,-0.035717,0.004915
-0.015288,-0.034940,0.005061
-0.012049,-0.037405,0.005616
-0.011754,-0.037297,0.005553
-0.009994,-0.030617,0.006837
-0.010161,-0.031101,0.006856
-0.010161,-0.031101,0.006856
-0.010779,-0.029125,0.007012
-0.010437,-0.028920,0.007017
-0.009927,-0.028949,0.006922
-0.013098,-0.028737,0.006734
-0.012373,-0.028468,0.006850
-0.009778,-0.030727,0.006749
-0.009458,-0.029766,0.006632
-0.009050,-0.029996,0.006343
-0.009161,-0.031069,0.006340
-0.009849,-0.030690,0.006771
-0.014897,-0.033141,0.006877
-0.015595,-0.033947,0.006058
-0.015191,-0.033789,0.006473
-0.015016,-0.033522,0.006674
-0.015567,-0.034450,0.005583
-0.015685,-0.034141,0.005836
-0.013044,-0.030960,0.006950
-0.014717,-0.031915,0.006973
-0.015024,-0.032742,0.006875
-0.013840,-0.031725,0.007009
-0.014413,-0.030939,0.006893
-0.013661,-0.029603,0.006795
-0.011849,-0.037467,0.005331
-0.011406,-0.037346,0.004487
-0.011714,-0.037489,0.004554
-0.011666,-0.037462,0.004795
-0.011764,-0.037464,0.005064
-0.010063,-0.035965,0.003140
-0.010517,-0.036427,0.003005
-0.010342,-0.036231,0.002959
-0.010897,-0.036908,0.003359
-0.009368,-0.034889,0.003441
-0.009678,-0.035383,0.003030
-0.009492,-0.035146,0.003230
-0.011489,-0.037360,0.004002
-0.011455,-0.037376,0.004247
-0.011248,-0.037181,0.003443
-0.009365,-0.034882,0.003444
-0.009159,-0.034378,0.003619
-0.009159,-0.034378,0.003619
-0.009535,-0.033869,0.005163
-0.009085,-0.033719,0.004315
-0.008830,-0.033283,0.004239
-0.008977,-0.033861,0.003802
-0.009350,-0.033412,0.005349
-0.008795,-0.031320,0.005834
-0.008965,-0.032423,0.005535
-0.012183,-0.037571,0.005150
-0.013741,-0.036191,0.004098
-0.013398,-0.036608,0.003810
-0.012279,-0.037508,0.004411
-0.012532,-0.037368,0.004199
-0.012776,-0.037084,0.003724
-0.012224,-0.037578,0.004907
-0.014113,-0.035745,0.004139
-0.014693,-0.035381,0.004726
-0.016153,-0.034294,0.004930
-0.015997,-0.034491,0.004663
-0.016101,-0.034257,0.005169
-0.014715,-0.035327,0.004476
-0.009158,-0.028197,0.006723
-0.011198,-0.027267,0.006994
-0.011664,-0.027641,0.006914
-0.009753,-0.028461,0.006932
-0.012351,-0.027378,0.006731
-0.013812,-0.029210,0.006667
-0.013773,-0.028195,0.006343
-0.008766,-0.030176,0.006031
-0.008434,-0.029223,0.005907
-0.015221,-0.033215,0.006692
-0.015757,-0.033692,0.006072
-0.015685,-0.033305,0.006284
-0.016032,-0.034167,0.005402
-0.015254,-0.031751,0.006603
-0.015077,-0.031262,0.006637
-0.015316,-0.032720,0.006678
-0.015058,-0.030735,0.006500
-0.014310,-0.029894,0.006733
-0.014060,-0.029986,0.006822
-0.011917,-0.037553,0.005099
-0.011753,-0.037487,0.004311
-0.011880,-0.037503,0.004587
-0.012012,-0.037486,0.004359
-0.011964,-0.037578,0.004858
-0.010052,-0.035813,0.002877
-0.010649,-0.036181,0.002512
-0.010850,-0.036596,0.002828
-0.010908,-0.036824,0.003104
-0.009345,-0.034937,0.003189
-0.009415,-0.034951,0.002952
-0.009784,-0.035382,0.002799
-0.011785,-0.037467,0.004064
-0.011572,-0.037278,0.003510
-0.011549,-0.037186,0.003249
-0.009159,-0.034378,0.003619
-0.009094,-0.034453,0.003361
-0.008916,-0.033936,0.003545
-0.008706,-0.032696,0.004679
-0.008698,-0.033111,0.003701
-0.008478,-0.032339,0.004111
-0.008966,-0.033881,0.003726
-0.008450,-0.031613,0.005062
-0.008319,-0.030499,0.005331
-0.008174,-0.029410,0.005501
-0.013555,-0.036178,0.003560
-0.013344,-0.036209,0.003272
-0.012978,-0.036790,0.003492
-0.012232,-0.037435,0.004146
-0.012324,-0.037288,0.003652
-0.012502,-0.036805,0.003152
-0.014299,-0.035524,0.004160
-0.016366,-0.034035,0.004703
-0.016334,-0.034058,0.004949
-0.016089,-0.034414,0.003922
-0.015831,-0.034657,0.004392
-0.016214,-0.033799,0.005412
-0.016336,-0.033790,0.005183
-0.015186,-0.034945,0.004038
-0.014722,-0.034996,0.003703
-0.009364,-0.028083,0.006854
-0.007725,-0.026690,0.006110
-0.008598,-0.026195,0.006744
-0.007791,-0.028459,0.005485
-0.007692,-0.027305,0.005893
-0.009632,-0.027383,0.006989
-0.009961,-0.026823,0.007041
-0.010249,-0.026124,0.007050
-0.011169,-0.025619,0.006887
-0.012177,-0.026898,0.006710
-0.011760,-0.026499,0.006813
-0.013418,-0.027047,0.006034
-0.013938,-0.029499,0.006710
-0.014277,-0.028861,0.006339
-0.014345,-0.028342,0.005958
-0.014257,-0.027875,0.005660
-0.007895,-0.029009,0.005289
-0.016102,-0.033713,0.005636
-0.016071,-0.033219,0.005849
-0.015651,-0.032752,0.006331
-0.016038,-0.032682,0.005807
-0.015440,-0.031711,0.006384
-0.014765,-0.029763,0.006381
-0.015033,-0.030224,0.006297
-0.014740,-0.030293,0.006605
-0.014521,-0.029830,0.006590
-0.012070,-0.037426,0.003864
-0.009927,-0.035319,0.002570
-0.010985,-0.036072,0.002317
-0.010648,-0.035678,0.002208
-0.011112,-0.036520,0.002621
-0.011527,-0.037002,0.002982
-0.009093,-0.034500,0.003113
-0.009797,-0.034883,0.002427
-0.008978,-0.034046,0.002811
-0.011813,-0.037208,0.003318
-0.011799,-0.037038,0.003035
-0.008738,-0.033510,0.003232
-0.008328,-0.031807,0.004299
-0.008357,-0.031749,0.004551
-0.008534,-0.032406,0.003624
-0.008633,-0.032796,0.003417
-0.008659,-0.032994,0.003184
-0.008355,-0.031843,0.004055
-0.008146,-0.030740,0.004446
-0.008090,-0.030119,0.004897
-0.013706,-0.035805,0.003471
-0.013509,-0.035924,0.003284
-0.013509,-0.035924,0.003284
-0.013308,-0.036040,0.003126
-0.013083,-0.036089,0.002964
-0.012940,-0.036558,0.003219
-0.012072,-0.037197,0.003348
-0.011743,-0.036775,0.002806
-0.012661,-0.036367,0.002867
-0.014073,-0.035390,0.003606
-0.013688,-0.035678,0.003302
-0.016437,-0.033661,0.003437
-0.016268,-0.034052,0.003681
-0.016415,-0.033801,0.004948
-0.016484,-0.033371,0.004180
-0.016507,-0.033297,0.004430
-0.015866,-0.034290,0.003370
-0.015880,-0.034570,0.003893
-0.016076,-0.034022,0.003141
-0.016323,-0.033196,0.005393
-0.016387,-0.033552,0.005177
-0.015389,-0.034301,0.003030
-0.014659,-0.034570,0.003161
-0.014459,-0.034915,0.003496
-0.007933,-0.025400,0.006534
-0.006578,-0.025052,0.005536
-0.006991,-0.024779,0.006033
-0.008519,-0.025659,0.006792
-0.009798,-0.025615,0.007074
-0.007689,-0.028550,0.005221
-0.007130,-0.027102,0.005266
-0.010752,-0.025226,0.006949
-0.011938,-0.025355,0.006524
-0.012011,-0.026408,0.006715
-0.011090,-0.024562,0.006728
-0.011350,-0.024476,0.006591
-0.013906,-0.027438,0.005816
-0.013505,-0.027023,0.005965
-0.012760,-0.025661,0.005987
-0.013306,-0.026056,0.005613
-0.012377,-0.025759,0.006349
-0.014875,-0.029744,0.006226
-0.014587,-0.028800,0.005946
-0.014420,-0.028221,0.005713
-0.014373,-0.027869,0.005430
-0.014054,-0.027417,0.005592
-0.014155,-0.027417,0.005360
-0.008080,-0.030169,0.004647
-0.007816,-0.029231,0.004285
-0.016462,-0.033226,0.004919
-0.015656,-0.031705,0.005923
-0.016482,-0.032755,0.004390
-0.015998,-0.032193,0.005517
-0.014964,-0.029256,0.005633
-0.010509,-0.035209,0.002047
-0.010197,-0.034776,0.002084
-0.010904,-0.035589,0.002091
-0.011358,-0.036258,0.002399
-0.008762,-0.033547,0.002988
-0.009638,-0.034405,0.002365
-0.009914,-0.034327,0.002140
-0.008861,-0.033547,0.002756
-0.009126,-0.033809,0.002572
-0.008232,-0.030792,0.003963
-0.008586,-0.032427,0.003384
-0.008612,-0.031951,0.003358
-0.008515,-0.031777,0.003579
-0.008655,-0.032443,0.003147
-0.008717,-0.032812,0.002932
-0.008190,-0.030256,0.003927
-0.013509,-0.035924,0.003284
-0.013411,-0.035475,0.002911
-0.012929,-0.035731,0.002660
-0.011762,-0.036268,0.002476
-0.012442,-0.035459,0.002235
-0.011989,-0.035666,0.002174
-0.013976,-0.035156,0.003322
-0.014225,-0.034946,0.003355
-0.016270,-0.033823,0.003165
-0.016591,-0.032889,0.003415
-0.016420,-0.033491,0.003171
-0.016591,-0.032792,0.003911
-0.016543,-0.032773,0.004152
-0.015571,-0.033949,0.002790
-0.016029,-0.033785,0.002917
-0.014591,-0.034249,0.002877
-0.007596,-0.024431,0.006501
-0.008559,-0.024506,0.006877
-0.008150,-0.024140,0.006776
-0.006270,-0.024672,0.005279
-0.006349,-0.025848,0.004792
-0.006559,-0.026305,0.004861
-0.006299,-0.023450,0.005754
-0.006143,-0.021792,0.005994
-0.009119,-0.024405,0.006976
-0.010258,-0.024585,0.006951
-0.009933,-0.024450,0.007009
-0.007397,-0.028224,0.004642
-0.007018,-0.027201,0.005006
-0.010622,-0.023648,0.006707
-0.010093,-0.023295,0.006816
-0.011294,-0.023431,0.006310
-0.010706,-0.022554,0.006370
-0.013115,-0.025589,0.005547
-0.012498,-0.025203,0.006043
-0.012460,-0.024691,0.005867
-0.013020,-0.024111,0.004679
-0.013210,-0.024624,0.004497
-0.011382,-0.022883,0.006048
-0.014879,-0.028788,0.005335
-0.014775,-0.028330,0.005034
-0.013971,-0.026534,0.004514
-0.013555,-0.025572,0.004624
-0.008098,-0.030092,0.004143
-0.008287,-0.030259,0.003688
-0.007642,-0.028758,0.004221
-0.008192,-0.030256,0.003921
-0.015307,-0.029838,0.004731
-0.015626,-0.030843,0.004606
-0.016542,-0.032765,0.004151
-0.016296,-0.032142,0.004315
-0.010757,-0.035116,0.001962
-0.010348,-0.034728,0.001990
-0.012084,-0.035097,0.001999
-0.008809,-0.033004,0.002780
-0.009728,-0.033820,0.002184
-0.010247,-0.033660,0.001939
-0.010430,-0.034152,0.001884
-0.009081,-0.033491,0.002543
-0.008847,-0.033085,0.002723
-0.008683,-0.031382,0.003334
-0.008702,-0.032104,0.003134
-0.008817,-0.031668,0.003127
-0.008775,-0.032432,0.002918
-0.008806,-0.032299,0.002915
-0.008850,-0.032998,0.002718
-0.013385,-0.034967,0.002697
-0.014172,-0.034669,0.003076
-0.012974,-0.034743,0.002353
-0.012741,-0.034775,0.002206
-0.016440,-0.033051,0.002895
-0.016574,-0.032390,0.003129
-0.016616,-0.032752,0.003662
-0.016607,-0.032606,0.003400
-0.016160,-0.033235,0.002557
-0.015982,-0.033504,0.002588
-0.016331,-0.032987,0.002620
-0.016023,-0.033743,0.002862
-0.016543,-0.032266,0.003867
-0.015803,-0.033863,0.002828
-0.015510,-0.033647,0.002508
-0.014275,-0.034024,0.002685
-0.015132,-0.033188,0.002182
-0.007117,-0.022404,0.006468
-0.008067,-0.023615,0.006784
-0.005652,-0.024555,0.004325
-0.005999,-0.023656,0.005336
-0.005640,-0.023315,0.004995
-0.006507,-0.026374,0.004605
-0.006798,-0.026754,0.004901
-0.006014,-0.022450,0.005762
-0.006571,-0.021549,0.006309
-0.006637,-0.020933,0.006460
-0.005560,-0.021554,0.005618
-0.009369,-0.023584,0.006951
-0.008119,-0.023024,0.006833
-0.009276,-0.022520,0.006862
-0.007412,-0.028264,0.004397
-0.007266,-0.027942,0.004599
-0.007054,-0.027424,0.004777
-0.010017,-0.022241,0.006636
-0.011135,-0.022952,0.006247
-0.010950,-0.022483,0.006191
-0.010661,-0.021515,0.006039
-0.012807,-0.025142,0.005651
-0.011991,-0.022734,0.005441
-0.012616,-0.024667,0.005643
-0.012932,-0.023645,0.004381
-0.012467,-0.023156,0.005072
-0.013594,-0.025647,0.004135
-0.013187,-0.024726,0.003998
-0.010979,-0.022474,0.006168
-0.011039,-0.021933,0.005921
-0.014960,-0.028428,0.004072
-0.014394,-0.027438,0.004151
-0.007948,-0.029262,0.003810
-0.008709,-0.030711,0.003295
-0.008187,-0.029751,0.003636
-0.007467,-0.028314,0.004159
-0.007704,-0.028775,0.003983
-0.015288,-0.028971,0.003416
-0.016387,-0.031785,0.003807
-0.016130,-0.030888,0.003198
-0.015902,-0.030440,0.003125
-0.011937,-0.034624,0.001879
-0.011314,-0.034345,0.001803
-0.010913,-0.033960,0.001791
-0.012596,-0.034303,0.002072
-0.009821,-0.033317,0.002169
-0.009338,-0.032837,0.002458
-0.009164,-0.032900,0.002520
-0.010175,-0.033480,0.001995
-0.010488,-0.033565,0.001896
-0.008946,-0.031273,0.003125
-0.008918,-0.031206,0.003153
-0.008953,-0.031957,0.002920
-0.009140,-0.031739,0.002941
-0.008861,-0.032413,0.002827
-0.009097,-0.032274,0.002717
-0.013855,-0.034380,0.002746
-0.013914,-0.033660,0.002467
-0.012656,-0.033716,0.002077
-0.016512,-0.032465,0.002871
-0.016574,-0.032390,0.003129
-0.016574,-0.032390,0.003129
-0.016448,-0.031941,0.002824
-0.016606,-0.032283,0.003629
-0.016622,-0.032322,0.003384
-0.015896,-0.033125,0.002296
-0.016053,-0.032782,0.002231
-0.016129,-0.032203,0.002155
-0.015611,-0.032995,0.002116
-0.016221,-0.032138,0.002292
-0.016363,-0.032026,0.002563
-0.015480,-0.032539,0.001928
-0.015340,-0.032060,0.001749
-0.014630,-0.032354,0.001807
-0.014000,-0.033017,0.002183
-0.008178,-0.022437,0.006838
-0.007184,-0.021789,0.006605
-0.005810,-0.025094,0.004071
-0.005384,-0.024173,0.003999
-0.005590,-0.024629,0.004067
-0.004980,-0.022605,0.004322
-0.005076,-0.021889,0.004933
-0.005194,-0.023705,0.003932
-0.006031,-0.025580,0.003961
-0.006570,-0.026514,0.004124
-0.006533,-0.026456,0.004113
-0.006101,-0.020803,0.006173
-0.007239,-0.021199,0.006632
-0.007003,-0.020749,0.006589
-0.006034,-0.020689,0.006152
-0.006022,-0.018407,0.006404
-0.006903,-0.020232,0.006597
-0.005337,-0.021104,0.005546
-0.009662,-0.021831,0.006659
-0.009024,-0.020976,0.006706
-0.007412,-0.028264,0.004397
-0.007412,-0.028264,0.004397
-0.007175,-0.027821,0.004323
-0.011072,-0.020888,0.005443
-0.010836,-0.019400,0.004964
-0.011904,-0.021213,0.004782
-0.008746,-0.019993,0.006618
-0.009172,-0.018850,0.006121
-0.009542,-0.018154,0.005621
-0.012507,-0.022641,0.004738
-0.012810,-0.023239,0.003830
-0.012675,-0.022657,0.004268
-0.012844,-0.023178,0.004083
-0.013327,-0.025262,0.003808
-0.012949,-0.024328,0.003676
-0.014635,-0.027925,0.003727
-0.014854,-0.028349,0.003294
-0.015035,-0.028534,0.003340
-0.014162,-0.027286,0.003596
-0.007650,-0.028293,0.003690
-0.007983,-0.028736,0.003545
-0.008391,-0.029704,0.003420
-0.008729,-0.029041,0.003190
-0.009161,-0.030356,0.003106
-0.008299,-0.028778,0.003343
-0.007353,-0.027830,0.003855
-0.007456,-0.028290,0.004156
-0.015330,-0.028996,0.003175
-0.016480,-0.031787,0.003573
-0.016354,-0.031337,0.003269
-0.016367,-0.031378,0.003024
-0.016158,-0.030921,0.002954
-0.015574,-0.029530,0.002753
-0.011728,-0.034006,0.001820
-0.011962,-0.033929,0.001859
-0.011190,-0.033265,0.001875
-0.011833,-0.033555,0.001842
-0.012277,-0.033343,0.001949
-0.009996,-0.033059,0.002185
-0.009643,-0.032899,0.002359
-0.009291,-0.032075,0.002741
-0.010207,-0.032913,0.002215
-0.010942,-0.033323,0.001878
-0.009170,-0.031117,0.003053
-0.010485,-0.032326,0.002534
-0.010069,-0.031317,0.002907
-0.009695,-0.031061,0.003002
-0.013635,-0.033600,0.002403
-0.013641,-0.032725,0.002109
-0.012716,-0.033129,0.002086
-0.016537,-0.031854,0.003086
-0.016456,-0.031932,0.002860
-0.016538,-0.031806,0.003335
-0.015709,-0.032427,0.001924
-0.015924,-0.032317,0.002014
-0.015981,-0.031730,0.002035
-0.016105,-0.031639,0.002238
-0.014950,-0.031681,0.001678
-0.015783,-0.031848,0.001864
-0.015405,-0.031475,0.001726
-0.014036,-0.032225,0.001887
-0.007717,-0.021088,0.006746
-0.008374,-0.020684,0.006776
-0.005801,-0.025134,0.003889
-0.005578,-0.024681,0.003817
-0.005372,-0.024224,0.003749
-0.004308,-0.021301,0.003860
-0.004647,-0.022298,0.003737
-0.004765,-0.021008,0.004930
-0.003775,-0.019839,0.003915
-0.005182,-0.023757,0.003683
-0.004837,-0.022811,0.003556
-0.006352,-0.026031,0.003800
-0.005884,-0.025140,0.003654
-0.007237,-0.027838,0.004085
-0.006620,-0.026463,0.003879
-0.005850,-0.020789,0.006039
-0.005644,-0.020915,0.005843
-0.007431,-0.021010,0.006687
-0.006850,-0.018570,0.006614
-0.005764,-0.019112,0.006223
-0.006180,-0.017761,0.006490
-0.005256,-0.017656,0.006187
-0.005286,-0.020542,0.005671
-0.011713,-0.020241,0.004431
-0.011359,-0.019297,0.004303
-0.010674,-0.018920,0.004902
-0.012273,-0.021181,0.004096
-0.008020,-0.019728,0.006714
-0.008621,-0.018958,0.006449
-0.007955,-0.018657,0.006598
-0.009049,-0.016707,0.005511
-0.009662,-0.017599,0.005320
-0.012515,-0.022165,0.004265
-0.012556,-0.023423,0.003442
-0.012723,-0.022680,0.004028
-0.012588,-0.022236,0.003723
-0.012595,-0.022825,0.003549
-0.013529,-0.026369,0.003417
-0.013178,-0.025376,0.003537
-0.012878,-0.024384,0.003549
-0.014289,-0.027724,0.003397
-0.014153,-0.027825,0.003166
-0.014941,-0.028494,0.003069
-0.014622,-0.028317,0.002997
-0.015035,-0.028579,0.003092
-0.013390,-0.026459,0.003250
-0.013368,-0.027066,0.003054
-0.013762,-0.027446,0.003100
-0.007763,-0.027210,0.003229
-0.008591,-0.027998,0.003095
-0.008432,-0.027512,0.003065
-0.009642,-0.030919,0.003021
-0.006792,-0.025922,0.003374
-0.006531,-0.025995,0.003581
-0.015318,-0.029095,0.002677
-0.015040,-0.028672,0.002848
-0.016021,-0.031078,0.002437
-0.015942,-0.030473,0.002858
-0.015719,-0.030064,0.002564
-0.015531,-0.029596,0.002499
-0.011369,-0.033044,0.001940
-0.011648,-0.033062,0.001915
-0.011151,-0.033171,0.001908
-0.012774,-0.032540,0.002098
-0.012676,-0.032280,0.002136
-0.012488,-0.032498,0.002115
-0.011185,-0.032646,0.002209
-0.011090,-0.032440,0.002350
-0.010507,-0.031720,0.002727
-0.011091,-0.032057,0.002576
-0.010485,-0.030973,0.002893
-0.010778,-0.031022,0.002846
-0.009704,-0.030333,0.003015
-0.013008,-0.032441,0.002086
-0.015811,-0.031244,0.002024
-0.013922,-0.031882,0.001843
-0.014541,-0.031293,0.001702
-0.015045,-0.030495,0.001813
-0.015613,-0.031362,0.001850
-0.015437,-0.030874,0.001871
-0.007404,-0.019431,0.006723
-0.005639,-0.024699,0.003579
-0.005416,-0.024249,0.003508
-0.003751,-0.019879,0.003761
-0.004450,-0.021882,0.003422
-0.005203,-0.020012,0.005701
-0.004733,-0.019121,0.005554
-0.004466,-0.019890,0.005052
-0.003564,-0.019385,0.003845
-0.003622,-0.019312,0.004102
-0.003564,-0.019385,0.003845
-0.005217,-0.023788,0.003440
-0.004679,-0.022376,0.003246
-0.006280,-0.025557,0.003505
-0.006464,-0.026007,0.003671
-0.006021,-0.025123,0.003428
-0.005483,-0.020423,0.005854
-0.007626,-0.017695,0.006507
-0.007214,-0.017303,0.006564
-0.006674,-0.016981,0.006533
-0.006120,-0.017221,0.006523
-0.004606,-0.018600,0.005634
-0.005305,-0.017064,0.006250
-0.004815,-0.017330,0.005954
-0.011306,-0.018352,0.003478
-0.012122,-0.020698,0.004036
-0.009957,-0.017531,0.005007
-0.009870,-0.017030,0.004879
-0.011121,-0.018345,0.003945
-0.012485,-0.021683,0.003918
-0.012349,-0.021193,0.003860
-0.008134,-0.017514,0.006311
-0.009335,-0.016634,0.005239
-0.008586,-0.015779,0.005559
-0.012351,-0.023538,0.003298
-0.012191,-0.023057,0.003236
-0.012255,-0.022472,0.003221
-0.012588,-0.022204,0.003896
-0.012500,-0.022322,0.003461
-0.012416,-0.021809,0.003411
-0.012472,-0.021736,0.003668
-0.012312,-0.021884,0.003245
-0.012820,-0.025587,0.003232
-0.012473,-0.025195,0.003141
-0.014323,-0.028201,0.002933
-0.014097,-0.027858,0.003119
-0.014716,-0.028483,0.002775
-0.015012,-0.028623,0.002910
-0.014456,-0.028481,0.002725
-0.012627,-0.026277,0.002990
-0.012756,-0.026793,0.002923
-0.012614,-0.025703,0.003085
-0.013741,-0.028053,0.002896
-0.012707,-0.027386,0.002864
-0.014054,-0.028174,0.002881
-0.007859,-0.026641,0.003050
-0.008930,-0.027329,0.002899
-0.009252,-0.028847,0.003024
-0.009018,-0.028389,0.003011
-0.009096,-0.027812,0.002928
-0.007270,-0.025762,0.003123
-0.006578,-0.025467,0.003304
-0.015188,-0.029201,0.002408
-0.015164,-0.028928,0.002637
-0.014997,-0.028644,0.002838
-0.014853,-0.028774,0.002568
-0.015332,-0.030333,0.002008
-0.015464,-0.029651,0.002358
-0.012121,-0.032247,0.002182
-0.012826,-0.031951,0.002143
-0.012588,-0.032047,0.002168
-0.011294,-0.032270,0.002377
-0.011634,-0.032395,0.002199
-0.010778,-0.031602,0.002739
-0.011566,-0.031643,0.002639
-0.010988,-0.030138,0.002934
-0.010722,-0.029359,0.002876
-0.010007,-0.029652,0.002971
-0.011577,-0.031012,0.002851
-0.011926,-0.030513,0.002921
-0.013075,-0.031858,0.002059
-0.013635,-0.031088,0.001889
-0.014070,-0.030916,0.001808
-0.014634,-0.030105,0.001848
-0.013927,-0.030401,0.001896
-0.014429,-0.030276,0.001834
-0.015255,-0.030382,0.001929
-0.014852,-0.029985,0.001894
-0.006155,-0.024909,0.003188
-0.005527,-0.024245,0.003278
-0.003480,-0.019562,0.003088
-0.003489,-0.019464,0.003585
-0.004105,-0.020981,0.003047
-0.004015,-0.018992,0.004908
-0.003419,-0.018851,0.004034
-0.003564,-0.019385,0.003845
-0.003338,-0.018934,0.003773
-0.005132,-0.023321,0.003142
-0.004697,-0.021907,0.002717
-0.006202,-0.025077,0.003259
-0.006964,-0.015761,0.006406
-0.007801,-0.016546,0.006254
-0.006318,-0.015470,0.006451
-0.004965,-0.016094,0.006234
-0.005011,-0.015498,0.006312
-0.004054,-0.018359,0.005209
-0.004712,-0.016800,0.006030
-0.010632,-0.016497,0.002979
-0.011034,-0.017878,0.003647
-0.011564,-0.018834,0.003307
-0.009985,-0.015514,0.003735
-0.009468,-0.016085,0.004872
-0.009857,-0.015515,0.004024
-0.012358,-0.021234,0.003614
-0.008274,-0.015335,0.005654
-0.008760,-0.014177,0.004734
-0.008393,-0.014778,0.005357
-0.011377,-0.023486,0.002823
-0.011749,-0.021636,0.002866
-0.011077,-0.021951,0.002737
-0.011971,-0.021530,0.002927
-0.012137,-0.021983,0.003119
-0.012312,-0.021303,0.003359
-0.012168,-0.021412,0.003104
-0.011578,-0.025654,0.002750
-0.014590,-0.028767,0.002518
-0.014380,-0.028919,0.002489
-0.012089,-0.027109,0.002768
-0.013588,-0.028336,0.002803
-0.013201,-0.028736,0.002757
-0.012349,-0.028664,0.002843
-0.012194,-0.028180,0.002798
-0.009347,-0.026634,0.002647
-0.009360,-0.026094,0.002516
-0.007976,-0.024450,0.002519
-0.007729,-0.024543,0.002592
-0.009269,-0.025031,0.002419
-0.007348,-0.025135,0.002925
-0.009008,-0.027298,0.002877
-0.009179,-0.028326,0.002977
-0.009264,-0.028295,0.002945
-0.009096,-0.027812,0.002928
-0.009096,-0.027812,0.002928
-0.006665,-0.024762,0.003023
-0.006463,-0.024991,0.003113
-0.014988,-0.029066,0.002362
-0.015180,-0.029525,0.002177
-0.014728,-0.029064,0.002313
-0.014803,-0.028779,0.002559
-0.015074,-0.029892,0.001975
-0.011844,-0.032243,0.002228
-0.012248,-0.031894,0.002282
-0.012826,-0.031951,0.002143
-0.012826,-0.031951,0.002143
-0.012629,-0.031475,0.002326
-0.011877,-0.031724,0.002551
-0.012202,-0.029839,0.002892
-0.011120,-0.029742,0.002908
-0.010994,-0.029374,0.002885
-0.009906,-0.028591,0.002880
-0.011978,-0.031315,0.002695
-0.012128,-0.031014,0.002766
-0.012365,-0.030916,0.002743
-0.012125,-0.030310,0.002908
-0.012954,-0.031552,0.002141
-0.013550,-0.030879,0.001959
-0.014430,-0.029615,0.002041
-0.014233,-0.029804,0.002017
-0.014043,-0.030015,0.001995
-0.013858,-0.030241,0.001975
-0.014651,-0.029495,0.002071
-0.005935,-0.024144,0.002871
-0.005705,-0.024209,0.003057
-0.006356,-0.024509,0.002949
-0.003274,-0.019062,0.003268
-0.003708,-0.020055,0.002912
-0.003601,-0.019809,0.002876
-0.003480,-0.019562,0.003088
-0.003480,-0.019562,0.003088
-0.004408,-0.021220,0.002618
-0.003965,-0.020537,0.002741
-0.003527,-0.018130,0.004649
-0.003383,-0.018894,0.003887
-0.002703,-0.017570,0.003548
-0.005222,-0.022804,0.002702
-0.005300,-0.022782,0.002637
-0.004659,-0.021417,0.002427
-0.007048,-0.015186,0.006288
-0.007970,-0.014452,0.005607
-0.007568,-0.015014,0.006006
-0.006051,-0.013919,0.006375
-0.005119,-0.014319,0.006379
-0.006465,-0.014310,0.006319
-0.006709,-0.014215,0.006266
-0.004046,-0.016025,0.005724
-0.004557,-0.013454,0.006310
-0.003351,-0.012933,0.005893
-0.010463,-0.016020,0.002916
-0.011200,-0.017941,0.002930
-0.010648,-0.016536,0.002734
-0.011731,-0.019356,0.003122
-0.012187,-0.020804,0.003321
-0.009663,-0.014553,0.003632
-0.009933,-0.015019,0.003504
-0.010305,-0.015539,0.002855
-0.009243,-0.014092,0.004067
-0.008226,-0.014294,0.005336
-0.008248,-0.013766,0.005113
-0.008190,-0.013261,0.004959
-0.008343,-0.012708,0.004560
-0.010611,-0.022769,0.002438
-0.010552,-0.021105,0.002480
-0.010623,-0.020549,0.002489
-0.011603,-0.021163,0.002737
-0.011238,-0.020836,0.002624
-0.011671,-0.020581,0.002703
-0.011723,-0.019990,0.002754
-0.011942,-0.020413,0.002980
-0.011528,-0.026246,0.002696
-0.010753,-0.025490,0.002524
-0.011154,-0.025161,0.002640
-0.014402,-0.028970,0.002463
-0.013932,-0.029167,0.002489
-0.009429,-0.027144,0.002727
-0.012537,-0.029152,0.002796
-0.013204,-0.029453,0.002646
-0.012058,-0.029344,0.002867
-0.009347,-0.027720,0.002831
-0.010127,-0.025210,0.002473
-0.007790,-0.023881,0.002425
-0.008776,-0.024383,0.002392
-0.008704,-0.024165,0.002361
-0.007668,-0.023496,0.002335
-0.007474,-0.024632,0.002703
-0.007019,-0.023204,0.002401
-0.009717,-0.023189,0.002250
-0.006810,-0.024332,0.002842
-0.014871,-0.029389,0.002139
-0.014648,-0.029489,0.002075
-0.012366,-0.030920,0.002742
-0.012614,-0.030825,0.002663
-0.012807,-0.031229,0.002343
-0.012729,-0.030196,0.002763
-0.012865,-0.030737,0.002573
-0.005640,-0.023196,0.002626
-0.006040,-0.023580,0.002650
-0.003248,-0.019114,0.003015
-0.003547,-0.019622,0.002603
-0.003490,-0.019602,0.002841
-0.004439,-0.020965,0.002356
-0.004341,-0.020979,0.002509
-0.004228,-0.020508,0.002287
-0.004001,-0.020060,0.002215
-0.003209,-0.017749,0.004424
-0.002836,-0.016182,0.004672
-0.003011,-0.017286,0.004357
-0.002788,-0.018147,0.002614
-0.002317,-0.017377,0.002475
-0.002084,-0.016839,0.002898
-0.002655,-0.016928,0.004104
-0.002367,-0.016522,0.003935
-0.005338,-0.022245,0.002417
-0.004928,-0.021856,0.002451
-0.004781,-0.021383,0.002324
-0.006847,-0.013627,0.006095
-0.005007,-0.013246,0.006392
-0.006375,-0.013255,0.006233
-0.003063,-0.014844,0.005319
-0.004087,-0.012547,0.006258
-0.002699,-0.014479,0.005121
-0.002523,-0.013990,0.005145
-0.002142,-0.012429,0.005382
-0.003189,-0.012437,0.005920
-0.010484,-0.016057,0.002672
-0.011338,-0.018476,0.002740
-0.011088,-0.018071,0.002492
-0.010865,-0.017635,0.002345
-0.010695,-0.017159,0.002282
-0.011825,-0.019912,0.002925
-0.010145,-0.015060,0.002794
-0.009520,-0.012627,0.002266
-0.009155,-0.013097,0.003596
-0.010331,-0.015575,0.002611
-0.007954,-0.012603,0.004981
-0.007541,-0.012350,0.005326
-0.008963,-0.012607,0.003666
-0.008036,-0.011190,0.004403
-0.010807,-0.024901,0.002566
-0.009577,-0.022763,0.002186
-0.009915,-0.021437,0.002174
-0.009633,-0.022129,0.002115
-0.009786,-0.018721,0.002011
-0.011086,-0.020322,0.002443
-0.010783,-0.019369,0.002236
-0.011583,-0.020625,0.002675
-0.011456,-0.020690,0.002613
-0.011591,-0.020068,0.002640
-0.011564,-0.019509,0.002682
-0.007354,-0.023081,0.002290
-0.008481,-0.022637,0.002057
-0.008153,-0.023306,0.002232
-0.007365,-0.022545,0.002132
-0.006661,-0.023858,0.002729
-0.006868,-0.022729,0.002293
-0.006681,-0.022790,0.002396
-0.006217,-0.022436,0.002367
-0.005732,-0.022626,0.002466
-0.006108,-0.022969,0.002550
-0.003783,-0.019607,0.002144
-0.003561,-0.019453,0.002343
-0.003099,-0.018722,0.002460
-0.004636,-0.020911,0.002192
-0.003924,-0.019570,0.002008
-0.004468,-0.020382,0.002073
-0.001995,-0.015540,0.004052
-0.001939,-0.014967,0.004252
-0.002870,-0.018157,0.002128
-0.002072,-0.016890,0.002648
-0.002468,-0.017445,0.001755
-0.002207,-0.017180,0.002442
-0.001904,-0.016504,0.002843
-0.001440,-0.015372,0.003241
-0.001499,-0.015309,0.003441
-0.006067,-0.021961,0.002261
-0.005131,-0.021595,0.002277
-0.005038,-0.021296,0.002196
-0.006625,-0.013157,0.006131
-0.006304,-0.012725,0.006185
-0.004003,-0.010342,0.006258
-0.004886,-0.012139,0.006382
-0.005069,-0.012660,0.006384
-0.003498,-0.011140,0.006155
-0.003306,-0.011801,0.006062
-0.001576,-0.014603,0.004044
-0.001142,-0.013029,0.004480
-0.001977,-0.011353,0.005532
-0.000949,-0.010765,0.005049
-0.001147,-0.011828,0.004904
-0.001669,-0.010943,0.005431
-0.010518,-0.016687,0.002217
-0.011190,-0.018591,0.002468
-0.011041,-0.018107,0.002409
-0.010747,-0.017718,0.002168
-0.010587,-0.017237,0.002108
-0.010425,-0.016757,0.002064
-0.009533,-0.012694,0.002022
-0.010020,-0.014656,0.002242
-0.009184,-0.012091,0.002921
-0.009255,-0.011596,0.002400
-0.010358,-0.016208,0.002156
-0.009840,-0.014831,0.001718
-0.010110,-0.015799,0.001916
-0.009534,-0.013911,0.001355
-0.007904,-0.010684,0.004411
-0.006532,-0.011559,0.005901
-0.007185,-0.011372,0.005398
-0.007416,-0.010784,0.005012
-0.008968,-0.011588,0.003108
-0.009550,-0.021070,0.001974
-0.009006,-0.018582,0.001565
-0.008409,-0.021594,0.001890
-0.010628,-0.018892,0.002152
-0.010240,-0.018516,0.002072
-0.009583,-0.018084,0.001882
-0.011008,-0.019266,0.002272
-0.007844,-0.022351,0.002060
-0.007966,-0.022730,0.002132
-0.006721,-0.022255,0.002170
-0.007606,-0.022448,0.002091
-0.006669,-0.021213,0.001876
-0.006408,-0.022363,0.002316
-0.003783,-0.019101,0.001856
-0.003358,-0.018703,0.001961
-0.003062,-0.018279,0.001922
-0.005376,-0.020632,0.001972
-0.004339,-0.019963,0.001952
-0.004027,-0.019539,0.001935
-0.001761,-0.015096,0.003979
-0.001760,-0.015096,0.003978
-0.001760,-0.015094,0.003978
-0.002072,-0.016890,0.002648
-0.002072,-0.016890,0.002648
-0.002812,-0.017847,0.001807
-0.002328,-0.017074,0.001454
-0.002165,-0.017032,0.001671
-0.002617,-0.016952,0.001060
-0.002039,-0.016950,0.002395
-0.001784,-0.016469,0.002567
-0.001005,-0.015122,0.002583
-0.001244,-0.014873,0.003365
-0.000973,-0.014721,0.003053
-0.001404,-0.014734,0.003732
-0.001346,-0.014779,0.003629
-0.001244,-0.014873,0.003365
-0.005921,-0.021488,0.002130
-0.005608,-0.011880,0.006322
-0.004632,-0.010625,0.006299
-0.004078,-0.009763,0.006194
-0.003467,-0.009491,0.006056
-0.004874,-0.010528,0.006250
-0.005203,-0.011493,0.006323
-0.002647,-0.009330,0.005805
-0.001064,-0.014355,0.003548
-0.000519,-0.013043,0.003861
-0.000606,-0.012769,0.004111
-0.000643,-0.012134,0.004425
-0.002433,-0.009441,0.005719
-0.000595,-0.010974,0.004745
-0.000918,-0.010201,0.005138
-0.000569,-0.011585,0.004529
-0.001201,-0.010049,0.005300
-0.010265,-0.016276,0.002001
-0.011064,-0.018677,0.002304
-0.010908,-0.018199,0.002222
-0.010538,-0.017831,0.002047
-0.010219,-0.016871,0.001929
-0.009643,-0.013217,0.001826
-0.009305,-0.011105,0.001624
-0.009695,-0.013774,0.001723
-0.008703,-0.010558,0.003232
-0.009192,-0.011002,0.002098
-0.008953,-0.010029,0.002492
-0.008538,-0.008975,0.003098
-0.009911,-0.015917,0.001749
-0.009491,-0.014485,0.001378
-0.010063,-0.016389,0.001861
-0.009511,-0.013369,0.001309
-0.009302,-0.013512,0.001028
-0.008854,-0.014872,0.001032
-0.009285,-0.012988,0.000877
-0.008068,-0.007781,0.003684
-0.006953,-0.008205,0.004885
-0.007260,-0.009852,0.004922
-0.008335,-0.009529,0.003598
-0.006914,-0.010367,0.005393
-0.006198,-0.011125,0.005992
-0.007130,-0.010360,0.005182
-0.008172,-0.021135,0.001815
-0.008099,-0.020629,0.001694
-0.008817,-0.018794,0.001533
-0.008204,-0.016799,0.000969
-0.008654,-0.016024,0.001070
-0.009643,-0.017483,0.001854
-0.010698,-0.018310,0.002107
-0.009999,-0.016977,0.001859
-0.006075,-0.019841,0.001587
-0.006421,-0.021305,0.001954
-0.006511,-0.021599,0.002035
-0.006127,-0.020358,0.001702
-0.003904,-0.018545,0.001551
-0.003112,-0.017782,0.001471
-0.002831,-0.017371,0.001317
-0.005629,-0.020543,0.001869
-0.005436,-0.019929,0.001723
-0.005238,-0.019629,0.001666
-0.001968,-0.016615,0.001356
-0.001742,-0.016445,0.002055
-0.003475,-0.017041,0.000914
-0.002637,-0.015946,0.000395
-0.004274,-0.017898,0.001159
-0.002252,-0.015474,0.000080
-0.001763,-0.016203,0.001040
-0.002111,-0.016068,0.000594
-0.001124,-0.015488,0.002127
-0.000979,-0.015168,0.002330
-0.000888,-0.014511,0.003118
0.000162,-0.013437,0.002295
-0.001244,-0.014873,0.003365
-0.004494,-0.009592,0.006141
-0.004399,-0.009091,0.006048
-0.003545,-0.008913,0.005972
-0.002913,-0.008552,0.005776
-0.005610,-0.010247,0.006058
-0.005771,-0.010729,0.006109
-0.004711,-0.010046,0.006205
-0.004955,-0.009952,0.006147
-0.002641,-0.007694,0.005588
-0.001045,-0.014372,0.003502
-0.000942,-0.014459,0.003281
-0.000056,-0.013206,0.003032
0.000012,-0.012775,0.003242
0.000252,-0.012155,0.003373
-0.000042,-0.011322,0.004161
-0.000013,-0.010735,0.004369
0.000392,-0.011614,0.003597
-0.001406,-0.007741,0.005188
-0.001818,-0.007533,0.005352
-0.001038,-0.009028,0.005151
-0.000265,-0.010405,0.004645
-0.000476,-0.009591,0.004883
-0.000316,-0.008300,0.004716
-0.009205,-0.012497,0.000693
-0.009410,-0.011710,0.001433
-0.009346,-0.011278,0.000891
-0.009344,-0.010126,0.001066
-0.009054,-0.009521,0.001975
-0.009122,-0.009538,0.001738
-0.008813,-0.007880,0.002325
-0.008186,-0.006832,0.003394
-0.008596,-0.007333,0.002755
-0.009196,-0.015192,0.001274
-0.008659,-0.013325,0.000512
-0.009075,-0.013071,0.000705
-0.009066,-0.012147,0.000393
-0.008938,-0.012542,0.000394
-0.007723,-0.006927,0.003955
-0.005980,-0.007966,0.005413
-0.006596,-0.007239,0.004877
-0.006650,-0.009032,0.005256
-0.006216,-0.009501,0.005649
-0.006121,-0.010071,0.005825
-0.007645,-0.019202,0.001388
-0.007226,-0.018297,0.001201
-0.007913,-0.015836,0.000668
-0.007440,-0.016881,0.000898
-0.008301,-0.014596,0.000530
-0.005515,-0.018993,0.001426
-0.005335,-0.019595,0.001618
-0.001649,-0.016208,0.001269
-0.001378,-0.015899,0.001449
-0.002889,-0.014923,-0.000087
-0.004263,-0.014227,-0.000162
-0.002379,-0.014954,-0.000181
-0.004670,-0.015631,0.000384
-0.005098,-0.017044,0.000824
-0.001962,-0.015383,0.000019
-0.001426,-0.015806,0.000950
-0.001544,-0.015796,0.000721
-0.001509,-0.015352,0.000183
0.000047,-0.014131,0.001316
-0.000990,-0.015395,0.001092
0.000317,-0.012872,0.002689
0.000615,-0.013194,0.001650
-0.004555,-0.009568,0.006126
-0.004945,-0.009069,0.005941
-0.004489,-0.008519,0.005904
-0.003722,-0.008638,0.005934
-0.003864,-0.008240,0.005842
-0.003565,-0.007290,0.005621
-0.005201,-0.009859,0.006080
-0.005291,-0.009287,0.005935
-0.002950,-0.007016,0.005506
-0.002219,-0.007126,0.005301
0.000700,-0.011894,0.002804
0.000629,-0.010571,0.003735
0.000617,-0.011173,0.003485
0.000432,-0.009834,0.004226
0.000732,-0.011263,0.003259
-0.001038,-0.007394,0.004896
-0.000742,-0.008079,0.004912
-0.001222,-0.007141,0.004863
-0.001923,-0.006969,0.005128
0.000108,-0.009280,0.004502
-0.000607,-0.007612,0.004725
0.000462,-0.008162,0.004246
-0.009228,-0.011943,0.000607
-0.009284,-0.011354,0.000629
-0.009419,-0.010184,0.000581
-0.009330,-0.010824,0.000356
-0.009444,-0.008466,0.000725
-0.009101,-0.008439,0.001663
-0.008904,-0.007331,0.002055
-0.008983,-0.007340,0.001820
-0.008669,-0.006793,0.002478
-0.007552,-0.006440,0.003953
-0.008232,-0.006303,0.003116
-0.008286,-0.013710,0.000348
-0.008410,-0.012402,0.000033
-0.007861,-0.012162,-0.000413
-0.009049,-0.012070,0.000333
-0.008812,-0.012047,0.000087
-0.005214,-0.008231,0.005763
-0.005916,-0.008522,0.005586
-0.005318,-0.007668,0.005545
-0.005797,-0.007369,0.005238
-0.006201,-0.006845,0.004910
-0.005955,-0.009587,0.005797
-0.005759,-0.009655,0.005882
-0.006902,-0.016831,0.000801
-0.006945,-0.014373,0.000139
-0.006952,-0.012592,-0.000478
-0.007949,-0.014238,0.000263
-0.001424,-0.015920,0.001208
-0.001426,-0.015806,0.000950
-0.001320,-0.015806,0.001181
-0.002328,-0.012960,-0.000907
-0.003143,-0.014006,-0.000350
-0.002824,-0.013791,-0.000502
-0.004568,-0.014380,-0.000058
-0.005751,-0.013911,-0.000116
-0.003534,-0.012596,-0.000871
-0.001630,-0.014030,-0.000884
-0.001828,-0.013844,-0.000859
-0.006000,-0.015612,0.000406
-0.001645,-0.015212,-0.000051
-0.001566,-0.014854,-0.000341
-0.001426,-0.015806,0.000950
-0.001425,-0.015684,0.000691
-0.001002,-0.014960,0.000062
-0.001024,-0.015144,0.000329
-0.001064,-0.015419,0.000856
-0.000428,-0.014651,0.000436
-0.000081,-0.014256,0.000344
0.000317,-0.013748,0.000989
0.000608,-0.013284,0.001155
0.000697,-0.012587,0.002088
0.000794,-0.012676,0.001834
0.001102,-0.012359,0.001253
-0.004380,-0.008032,0.005767
-0.003155,-0.006815,0.005457
-0.004750,-0.007354,0.005541
-0.004075,-0.006557,0.005362
-0.005538,-0.009194,0.005862
-0.002828,-0.006555,0.005255
0.001385,-0.011242,0.001880
0.000811,-0.010102,0.003670
0.001216,-0.010425,0.002862
0.001114,-0.009723,0.003393
0.000558,-0.009338,0.004170
-0.001018,-0.007308,0.004836
-0.000822,-0.007501,0.004811
-0.001381,-0.006719,0.004614
-0.000940,-0.006946,0.004525
-0.002116,-0.006699,0.005003
-0.001888,-0.006504,0.004696
0.000079,-0.007804,0.004411
-0.000093,-0.007537,0.004426
-0.000718,-0.007051,0.004470
-0.000272,-0.007262,0.004375
0.000387,-0.007584,0.004176
0.000693,-0.008187,0.004069
-0.009174,-0.010670,-0.000186
-0.009044,-0.011062,-0.000184
-0.008904,-0.011421,-0.000187
-0.009478,-0.009651,0.000307
-0.009326,-0.010463,0.000080
-0.009425,-0.008613,-0.000022
-0.009401,-0.007978,0.000434
-0.008896,-0.006273,0.001734
-0.009295,-0.007381,0.000877
-0.007394,-0.005962,0.003884
-0.007993,-0.005829,0.003202
-0.008330,-0.005783,0.002673
-0.008428,-0.006043,0.002634
-0.008435,-0.011459,-0.000524
-0.007157,-0.011445,-0.000940
-0.006991,-0.010473,-0.001362
-0.008211,-0.010550,-0.001128
-0.007606,-0.010178,-0.001517
-0.007208,-0.009644,-0.001878
-0.005033,-0.007652,0.005614
-0.004924,-0.007287,0.005491
-0.005440,-0.007113,0.005233
-0.005542,-0.006548,0.005029
-0.006615,-0.013239,-0.000297
-0.006563,-0.011187,-0.001145
-0.006712,-0.012670,-0.000481
-0.002999,-0.012552,-0.000975
-0.001978,-0.012602,-0.001182
-0.001800,-0.012859,-0.001180
-0.001470,-0.013399,-0.001273
-0.003309,-0.012539,-0.000917
-0.005628,-0.011579,-0.001131
-0.003946,-0.011254,-0.001383
-0.003136,-0.012099,-0.001161
-0.003751,-0.010549,-0.001716
-0.001404,-0.014134,-0.000920
-0.001278,-0.014770,-0.000401
-0.000513,-0.014656,0.000201
-0.000176,-0.013844,-0.000669
-0.000947,-0.014560,-0.000476
0.000681,-0.012789,-0.000899
0.000243,-0.013837,0.000340
0.000344,-0.013730,0.000732
0.000864,-0.012893,0.000831
0.001301,-0.011896,0.001185
0.001178,-0.012164,-0.000531
-0.003859,-0.006465,0.005315
-0.003027,-0.006312,0.005149
-0.004386,-0.006435,0.005299
-0.004144,-0.006530,0.005344
-0.004027,-0.006072,0.005071
-0.004027,-0.006072,0.005071
-0.002720,-0.005935,0.004565
-0.002522,-0.006239,0.004798
0.001677,-0.010270,0.001761
0.001601,-0.011112,0.000073
0.001364,-0.009940,0.002802
0.001226,-0.009232,0.003284
0.000860,-0.009131,0.003848
-0.001131,-0.006630,0.004311
-0.001582,-0.006422,0.004382
-0.000680,-0.006840,0.004240
-0.002298,-0.006325,0.004712
0.000429,-0.007414,0.004068
0.000251,-0.007049,0.003827
-0.000452,-0.006935,0.004203
-0.000210,-0.006872,0.003902
0.000806,-0.007807,0.003945
0.000616,-0.007636,0.004048
0.000965,-0.008465,0.003785
-0.008826,-0.011069,-0.000476
-0.008868,-0.010297,-0.000770
-0.009087,-0.009389,-0.000788
-0.009282,-0.009321,-0.000488
-0.009398,-0.008672,-0.000274
-0.009342,-0.007499,0.000141
-0.009201,-0.007502,-0.000638
-0.009279,-0.007191,-0.000142
-0.009373,-0.007708,0.000411
-0.009146,-0.006480,0.000790
-0.008948,-0.005789,0.001210
-0.008808,-0.005762,0.001684
-0.009357,-0.007446,0.000391
-0.007581,-0.005533,0.003446
-0.006995,-0.005569,0.003840
-0.008178,-0.005291,0.002538
-0.008542,-0.005284,0.001853
-0.006775,-0.010054,-0.001611
-0.006959,-0.009980,-0.001652
-0.008480,-0.010342,-0.001091
-0.008126,-0.009277,-0.001729
-0.007612,-0.009206,-0.002013
-0.006854,-0.008508,-0.002521
-0.004639,-0.006345,0.005197
-0.005155,-0.007119,0.005351
-0.005293,-0.006634,0.005095
-0.005151,-0.006169,0.004957
-0.005663,-0.005993,0.004723
-0.005221,-0.011061,-0.001406
-0.005484,-0.010107,-0.001921
-0.001649,-0.012255,-0.001564
-0.002312,-0.011937,-0.001386
-0.002802,-0.011844,-0.001309
-0.001864,-0.012146,-0.001474
-0.001146,-0.013120,-0.001537
-0.004181,-0.011139,-0.001431
-0.004898,-0.010848,-0.001530
-0.004602,-0.009746,-0.002111
-0.004340,-0.009741,-0.002160
-0.003738,-0.009492,-0.002290
-0.003441,-0.010403,-0.001780
-0.001207,-0.014441,-0.000686
-0.001137,-0.014113,-0.000972
-0.001051,-0.013735,-0.001264
-0.000022,-0.012959,-0.001566
0.000221,-0.013013,-0.001300
-0.000901,-0.014302,-0.000753
0.000711,-0.013054,-0.000134
0.000299,-0.012921,-0.001320
0.000679,-0.012624,-0.001160
0.000790,-0.012997,0.000098
0.001306,-0.011713,-0.000835
0.000945,-0.012194,-0.001238
0.001530,-0.011171,-0.000411
-0.003490,-0.005902,0.004707
-0.002969,-0.005901,0.004609
-0.004304,-0.006122,0.005126
-0.004027,-0.006072,0.005071
-0.003991,-0.005847,0.004798
-0.004270,-0.005978,0.005017
-0.002055,-0.006163,0.004203
-0.002957,-0.005747,0.004346
0.001733,-0.010138,0.001491
0.001737,-0.010483,0.000759
0.001734,-0.009471,0.001698
0.001699,-0.010522,0.000452
0.001621,-0.010432,-0.000226
0.001476,-0.008343,0.002620
0.001177,-0.008057,0.003464
-0.000915,-0.006644,0.004020
-0.001373,-0.006456,0.004094
-0.000683,-0.006729,0.003982
0.000481,-0.007141,0.003790
0.000021,-0.006842,0.003606
-0.000499,-0.006723,0.003445
0.000889,-0.007479,0.003735
0.000703,-0.007242,0.003730
-0.008469,-0.009643,-0.001389
-0.008776,-0.009651,-0.001080
-0.008792,-0.009112,-0.001231
-0.009131,-0.007957,-0.000873
-0.008961,-0.008110,-0.001146
-0.008624,-0.007600,-0.001745
-0.008665,-0.008668,-0.001416
-0.009342,-0.007499,0.000141
-0.009342,-0.007499,0.000141
-0.009014,-0.007327,-0.001187
-0.009037,-0.006717,-0.000972
-0.009293,-0.006967,0.000097
-0.009175,-0.006515,-0.000206
-0.009119,-0.006282,0.000521
-0.008795,-0.005352,0.000901
-0.007524,-0.005430,0.003428
-0.007843,-0.005302,0.002978
-0.007254,-0.005449,0.003629
-0.006623,-0.005209,0.003695
-0.006894,-0.005149,0.003542
-0.007390,-0.004723,0.002855
-0.008233,-0.004827,0.002016
-0.008096,-0.004429,0.001463
-0.008162,-0.004445,0.001225
-0.005637,-0.009553,-0.002304
-0.006458,-0.008697,-0.002620
-0.006229,-0.008800,-0.002639
-0.005996,-0.008899,-0.002636
-0.007661,-0.007599,-0.002518
-0.008314,-0.008849,-0.001721
-0.006423,-0.007664,-0.003007
-0.007078,-0.007341,-0.002786
-0.004973,-0.006236,0.005008
-0.004518,-0.005885,0.004941
-0.005004,-0.005646,0.004725
-0.005348,-0.005899,0.004806
-0.005753,-0.004955,0.004067
-0.005313,-0.004657,0.003965
-0.005386,-0.009646,-0.002221
-0.001311,-0.011905,-0.001896
-0.001741,-0.011685,-0.001721
-0.002304,-0.011909,-0.001398
-0.002087,-0.012040,-0.001430
-0.002630,-0.010223,-0.001949
-0.001961,-0.011579,-0.001654
-0.000633,-0.012216,-0.002000
-0.005025,-0.009281,-0.002425
-0.004257,-0.008529,-0.002633
-0.002559,-0.009195,-0.002279
-0.002712,-0.009671,-0.002181
-0.000747,-0.013601,-0.001330
-0.000534,-0.012782,-0.001807
0.000087,-0.012490,-0.001810
-0.000284,-0.012876,-0.001715
0.000827,-0.012115,-0.001472
0.001153,-0.011736,-0.001307
0.001275,-0.011240,-0.001363
0.001542,-0.010670,-0.000697
-0.003436,-0.005624,0.004428
-0.004504,-0.005825,0.004893
-0.004084,-0.005086,0.004219
-0.003865,-0.005230,0.004232
-0.002956,-0.005691,0.003589
-0.001825,-0.006447,0.002923
-0.001502,-0.006494,0.003368
-0.002996,-0.005627,0.003843
-0.003184,-0.005531,0.004124
0.001812,-0.009666,0.000943
0.001707,-0.010009,0.000232
0.001793,-0.009402,0.000679
0.001798,-0.009042,0.001156
0.001732,-0.008652,0.001557
0.001444,-0.009282,-0.000518
0.001473,-0.010525,-0.000945
0.001336,-0.010037,-0.001202
0.001267,-0.007670,0.003174
0.001573,-0.007963,0.001881
0.001534,-0.007897,0.002135
0.001476,-0.007826,0.002392
0.001416,-0.007756,0.002625
0.001105,-0.007492,0.003444
0.001108,-0.007475,0.003426
-0.000672,-0.006742,0.003228
-0.001086,-0.006689,0.003051
0.000725,-0.007071,0.003488
-0.000012,-0.006822,0.003360
-0.000549,-0.006757,0.003206
0.000937,-0.007216,0.003458
0.001092,-0.007464,0.003445
-0.008382,-0.007205,-0.002067
-0.007870,-0.007487,-0.002394
-0.008831,-0.006906,-0.001500
-0.008779,-0.006328,-0.001297
-0.008790,-0.006149,-0.001055
-0.008713,-0.005488,-0.000360
-0.008689,-0.005725,-0.000851
-0.008824,-0.005478,0.000162
-0.008539,-0.004916,0.000825
-0.007161,-0.005052,0.003335
-0.007401,-0.004980,0.003125
-0.006506,-0.004750,0.003414
-0.006058,-0.004080,0.003064
-0.006212,-0.003914,0.002580
-0.007682,-0.004581,0.002399
-0.007750,-0.004449,0.002152
-0.008006,-0.004423,0.001699
-0.008026,-0.004363,0.001445
-0.008117,-0.004402,0.000963
-0.007411,-0.003961,0.001052
-0.005706,-0.008803,-0.002717
-0.005329,-0.009164,-0.002514
-0.005964,-0.007867,-0.003038
-0.006197,-0.007768,-0.003038
-0.007578,-0.006540,-0.002654
-0.006268,-0.007187,-0.003092
-0.006042,-0.007290,-0.003123
-0.004804,-0.004797,0.004103
-0.004650,-0.005335,0.004581
-0.005056,-0.004707,0.004007
-0.005941,-0.004406,0.003565
-0.005250,-0.004349,0.003682
-0.005522,-0.004385,0.003736
-0.000719,-0.011642,-0.002130
-0.001511,-0.011754,-0.001809
-0.000729,-0.010848,-0.002266
-0.001391,-0.011327,-0.001998
-0.001683,-0.011489,-0.001793
-0.000155,-0.012409,-0.001936
-0.000104,-0.011367,-0.002240
-0.004897,-0.008816,-0.002655
-0.004754,-0.008345,-0.002797
-0.004341,-0.007955,-0.002753
-0.003374,-0.008337,-0.002561
-0.000943,-0.009904,-0.002337
-0.003009,-0.008082,-0.002519
-0.002171,-0.008818,-0.002359
-0.000416,-0.010691,-0.002331
0.000239,-0.012029,-0.001984
0.000658,-0.011636,-0.001912
0.001142,-0.011168,-0.001593
0.001302,-0.010699,-0.001403
-0.004315,-0.004986,0.004226
-0.003843,-0.005046,0.003965
-0.004058,-0.004910,0.003996
-0.002236,-0.006429,0.001996
-0.003556,-0.005707,0.002197
-0.004067,-0.004822,0.003742
-0.003942,-0.004992,0.003227
-0.003803,-0.005239,0.002966
-0.001320,-0.006805,0.001848
0.001678,-0.008841,0.000413
0.001511,-0.009199,-0.000286
0.001730,-0.008818,0.000652
0.001603,-0.008023,0.001628
0.001623,-0.008121,0.001380
0.001343,-0.008179,0.000182
0.001139,-0.008519,-0.000762
0.001203,-0.009499,-0.001212
0.001077,-0.010087,-0.001652
0.001291,-0.007481,0.002906
0.001133,-0.007290,0.003175
0.001537,-0.007833,0.001879
0.001520,-0.007767,0.001627
0.001402,-0.007574,0.002139
0.001419,-0.007642,0.002391
0.001275,-0.007411,0.002654
-0.000609,-0.006818,0.002970
-0.000609,-0.006818,0.002970
-0.000665,-0.006868,0.002733
0.000708,-0.007003,0.003236
0.000672,-0.006994,0.002991
0.000146,-0.006895,0.002833
-0.000352,-0.006829,0.002922
0.000935,-0.007105,0.003200
-0.008142,-0.006789,-0.002287
-0.007898,-0.006788,-0.002436
-0.008540,-0.006532,-0.001830
-0.008314,-0.006083,-0.001902
-0.008176,-0.005501,-0.001464
-0.008393,-0.005261,-0.000686
-0.008466,-0.004981,0.000062
-0.008507,-0.005116,-0.000172
-0.005742,-0.003793,0.002735
-0.005780,-0.004261,0.003525
-0.005677,-0.004021,0.003239
-0.005739,-0.003902,0.002992
-0.006358,-0.003730,0.002093
-0.007325,-0.004056,0.001795
-0.007363,-0.003934,0.001292
-0.007917,-0.004347,0.000420
-0.006490,-0.003654,0.001110
-0.006862,-0.003756,0.000684
-0.006932,-0.003847,0.000452
-0.005252,-0.008161,-0.002961
-0.005491,-0.008064,-0.002996
-0.005605,-0.007596,-0.003066
-0.005809,-0.007390,-0.003124
-0.005559,-0.007492,-0.003082
-0.008131,-0.006212,-0.002179
-0.007725,-0.006268,-0.002503
-0.006860,-0.006678,-0.002890
-0.007196,-0.006166,-0.002772
-0.007522,-0.005987,-0.002559
-0.006094,-0.006722,-0.003031
-0.006570,-0.006589,-0.002950
-0.005893,-0.006899,-0.003058
-0.004530,-0.004766,0.004076
-0.004761,-0.004561,0.003855
-0.004958,-0.004137,0.003363
-0.005450,-0.003934,0.003191
0.000347,-0.010996,-0.002208
0.000386,-0.011555,-0.002111
-0.004842,-0.007773,-0.002936
-0.003813,-0.008035,-0.002622
-0.003919,-0.007572,-0.002632
-0.004536,-0.007316,-0.002784
-0.003930,-0.007550,-0.002632
-0.003679,-0.007657,-0.002621
-0.000015,-0.010306,-0.002344
-0.000458,-0.010033,-0.002370
-0.000610,-0.009706,-0.002363
-0.003079,-0.007510,-0.002544
-0.002794,-0.007462,-0.002541
-0.002133,-0.007732,-0.002456
-0.000316,-0.009623,-0.002382
-0.001121,-0.008897,-0.002319
-0.001434,-0.008273,-0.002301
-0.001548,-0.007835,-0.002309
0.000728,-0.011127,-0.002020
0.000985,-0.010644,-0.001849
-0.004281,-0.004683,0.003773
-0.002980,-0.006085,0.001611
-0.003379,-0.005840,0.001922
-0.001525,-0.006715,0.000375
-0.002358,-0.006399,0.001171
-0.002756,-0.006192,0.001576
-0.002536,-0.006314,0.001543
-0.003836,-0.005532,0.001736
-0.004302,-0.004627,0.003522
-0.004185,-0.004822,0.003011
-0.004237,-0.004859,0.002772
-0.000709,-0.006957,0.001994
-0.000635,-0.006973,0.001479
0.001544,-0.008553,0.000168
0.001542,-0.008129,0.000894
0.001484,-0.007758,0.001382
0.001044,-0.008138,-0.000518
0.000886,-0.008926,-0.001441
0.000723,-0.008086,-0.000963
0.000530,-0.008979,-0.001872
0.000632,-0.008790,-0.001653
0.000524,-0.009660,-0.002077
0.001118,-0.007218,0.002922
0.000905,-0.007078,0.002953
0.001373,-0.007543,0.001891
0.001336,-0.007538,0.001647
0.001166,-0.007386,0.001920
0.001243,-0.007388,0.002407
0.001037,-0.007227,0.002436
-0.000609,-0.006818,0.002970
-0.000551,-0.006891,0.002713
-0.000208,-0.006941,0.002400
0.001122,-0.007398,0.001678
-0.007768,-0.005733,-0.002279
-0.008097,-0.005582,-0.001725
-0.007953,-0.005195,-0.001275
-0.007662,-0.005231,-0.001830
-0.007644,-0.005049,-0.001343
-0.008003,-0.004488,0.000194
-0.005467,-0.003750,0.002680
-0.005450,-0.003816,0.002932
-0.005783,-0.003682,0.002233
-0.005794,-0.003646,0.001982
-0.006101,-0.003570,0.001679
-0.006119,-0.003556,0.001535
-0.007390,-0.004209,0.000061
-0.006734,-0.003917,0.000169
-0.006538,-0.003681,0.000869
-0.006170,-0.003594,0.001296
-0.006594,-0.003731,0.000632
-0.005091,-0.007681,-0.003022
-0.005332,-0.007585,-0.003058
-0.005565,-0.007475,-0.003082
-0.005136,-0.007087,-0.002937
-0.005136,-0.007087,-0.002937
-0.007002,-0.005668,-0.002657
-0.006541,-0.005834,-0.002754
-0.006767,-0.005734,-0.002718
-0.007421,-0.005469,-0.002361
-0.006310,-0.005924,-0.002792
-0.005642,-0.006289,-0.002832
-0.005305,-0.006811,-0.002923
-0.004511,-0.004593,0.003810
-0.004517,-0.004491,0.003553
-0.004960,-0.004024,0.003105
0.000720,-0.010568,-0.002055
-0.004977,-0.007391,-0.002947
-0.004895,-0.007182,-0.002892
-0.003913,-0.007556,-0.002631
-0.004269,-0.007059,-0.002600
-0.004967,-0.006694,-0.002743
-0.003934,-0.006949,-0.002427
-0.003481,-0.007156,-0.002491
-0.003268,-0.007296,-0.002522
-0.003709,-0.007053,-0.002465
-0.000079,-0.009721,-0.002363
0.000423,-0.009903,-0.002176
0.000198,-0.009740,-0.002262
-0.003254,-0.007259,-0.002516
-0.002367,-0.007065,-0.002424
-0.003039,-0.006751,-0.002295
-0.001781,-0.007294,-0.002300
-0.002129,-0.007162,-0.002398
-0.000361,-0.009028,-0.002304
-0.000071,-0.009143,-0.002250
-0.001043,-0.007998,-0.002142
-0.001126,-0.007527,-0.002025
-0.001355,-0.007371,-0.002124
-0.003232,-0.005941,0.001399
-0.002791,-0.006181,0.001331
-0.002791,-0.006181,0.001331
-0.003006,-0.006072,0.001422
-0.002002,-0.006466,0.000197
0.000044,-0.007354,-0.000130
-0.001433,-0.006749,-0.000644
-0.000006,-0.007192,0.000873
-0.002573,-0.006290,0.001256
-0.002569,-0.006294,0.001297
-0.002808,-0.006115,0.001079
-0.004477,-0.004682,0.002555
-0.004360,-0.005190,0.001060
-0.003693,-0.005648,0.001215
-0.004365,-0.004626,0.003032
-0.004375,-0.004611,0.003033
-0.004425,-0.004645,0.002794
-0.004425,-0.004645,0.002794
-0.000308,-0.007007,0.001922
0.001239,-0.007595,0.001167
0.000611,-0.007759,-0.000712
0.000229,-0.007462,-0.000409
0.000484,-0.008452,-0.001647
0.000273,-0.007758,-0.001151
0.000149,-0.007969,-0.001454
0.000060,-0.008711,-0.002052
-0.000108,-0.007887,-0.001572
0.000111,-0.008607,-0.001961
0.000367,-0.007399,0.000314
-0.007270,-0.005135,-0.002161
-0.007188,-0.005005,-0.001934
-0.007296,-0.004474,-0.000442
-0.006984,-0.004744,-0.001236
-0.005535,-0.003716,0.002189
-0.005201,-0.003848,0.002887
-0.005012,-0.003945,0.002607
-0.005057,-0.003963,0.002366
-0.005494,-0.003737,0.002182
-0.005829,-0.003583,0.001734
-0.005569,-0.003701,0.001943
-0.005870,-0.003589,0.001490
-0.006806,-0.004445,-0.000787
-0.006829,-0.004084,-0.000054
-0.006416,-0.003861,0.000356
-0.006250,-0.004026,0.000085
-0.006377,-0.004173,-0.000384
-0.006638,-0.004174,-0.000335
-0.005991,-0.003719,0.001020
-0.005924,-0.003635,0.001253
-0.005136,-0.007087,-0.002937
-0.007112,-0.005325,-0.002429
-0.006850,-0.005318,-0.002479
-0.006152,-0.005567,-0.002594
-0.006380,-0.005468,-0.002557
-0.006611,-0.005382,-0.002519
-0.005936,-0.005697,-0.002626
-0.004550,-0.004357,0.003049
-0.004138,-0.006784,-0.002392
-0.005628,-0.005673,-0.002434
-0.003394,-0.006346,-0.002058
-0.003702,-0.007036,-0.002457
-0.003481,-0.007156,-0.002491
-0.003481,-0.007156,-0.002491
-0.003297,-0.006718,-0.002303
-0.002691,-0.006578,-0.002175
-0.002454,-0.006649,-0.002215
-0.002228,-0.006751,-0.002251
-0.002927,-0.006506,-0.002136
-0.003160,-0.006425,-0.002097
-0.001847,-0.007170,-0.002296
-0.001527,-0.007108,-0.002109
-0.000708,-0.007890,-0.001961
-0.001055,-0.007369,-0.001930
-0.001238,-0.007138,-0.001910
-0.003011,-0.006061,0.001365
-0.003569,-0.005703,0.000443
-0.002791,-0.006181,0.001331
-0.002281,-0.006289,-0.000264
-0.002695,-0.006085,0.000052
-0.000313,-0.007291,-0.000820
-0.001780,-0.006657,-0.001338
-0.002389,-0.006260,-0.000998
-0.005263,-0.004540,0.000686
-0.004978,-0.004271,0.001869
-0.004497,-0.004657,0.002557
-0.004425,-0.004645,0.002794
-0.005122,-0.004780,0.000424
-0.004540,-0.005259,0.000094
-0.004592,-0.004362,0.002806
0.000401,-0.007606,-0.000683
-0.000765,-0.007398,-0.001732
-0.000588,-0.007647,-0.001749
-0.007002,-0.005112,-0.002212
-0.006924,-0.004992,-0.001984
-0.006588,-0.004884,-0.001803
-0.006415,-0.004468,-0.000859
-0.005614,-0.003721,0.001702
-0.005661,-0.003743,0.001461
-0.006137,-0.004233,-0.000425
-0.005920,-0.003772,0.001010
-0.005576,-0.004034,0.000962
-0.005600,-0.004418,-0.000012
-0.006080,-0.004178,-0.000188
-0.005713,-0.003783,0.001223
-0.006754,-0.005148,-0.002257
-0.006094,-0.005464,-0.002456
-0.006316,-0.005357,-0.002403
-0.006513,-0.005205,-0.002298
-0.005736,-0.005331,-0.002186
-0.005241,-0.005524,-0.002015
-0.004564,-0.005952,-0.001864
-0.003067,-0.006263,-0.001874
-0.004002,-0.005946,-0.001719
-0.002371,-0.006515,-0.001989
-0.002605,-0.006436,-0.001950
-0.002144,-0.006614,-0.002025
-0.001927,-0.006745,-0.002057
-0.002837,-0.006352,-0.001912
-0.001723,-0.006914,-0.002085
-0.001443,-0.006972,-0.001883
-0.000961,-0.007203,-0.001708
-0.001168,-0.007044,-0.001679
-0.003697,-0.005928,-0.001527
-0.004412,-0.005422,-0.000421
-0.003235,-0.006104,-0.001602
-0.001870,-0.006693,-0.001820
-0.001654,-0.006825,-0.001853
-0.002542,-0.006365,-0.001716
-0.005147,-0.004820,0.000180
-0.004884,-0.005158,-0.000600
-0.006056,-0.004537,-0.000922
-0.005817,-0.005027,-0.001688
-0.005981,-0.004430,-0.000692
-0.004387,-0.005658,-0.001414